updated_at,id,start_date,end_date,election_type,result_type,special,office,district,name_raw,last_name,first_name,suffix,middle_name,party,parent_jurisdiction,jurisdiction,division,votes,votes_type,total_votes,winner,write_in,year
2016-01-30 15:57:28.232000,mt-2000-06-06-primary,2000-06-06 00:00:00,2000-06-06 00:00:00,primary,certified,False,Superintendent of Public Instruction,,Elaine Sollie Herman,,,,,Republican,,Yellowstone,ocd-division/country:us/state:mt/county:yellowstone,3526,,,,,2000
2016-01-30 15:57:28.232000,mt-2000-06-06-primary,2000-06-06 00:00:00,2000-06-06 00:00:00,primary,certified,False,Superintendent of Public Instruction,,Elaine Sollie Herman,,,,,Republican,,Wibaux,ocd-division/country:us/state:mt/county:wibaux,31,,,,,2000
2016-01-30 15:57:28.232000,mt-2000-06-06-primary,2000-06-06 00:00:00,2000-06-06 00:00:00,primary,certified,False,Superintendent of Public Instruction,,Elaine Sollie Herman,,,,,Republican,,Wheatland,ocd-division/country:us/state:mt/county:wheatland,109,,,,,2000
2016-01-30 15:57:28.232000,mt-2000-06-06-primary,2000-06-06 00:00:00,2000-06-06 00:00:00,primary,certified,False,Superintendent of Public Instruction,,Elaine Sollie Herman,,,,,Republican,,Valley,ocd-division/country:us/state:mt/county:valley,309,,,,,2000
2016-01-30 15:57:28.232000,mt-2000-06-06-primary,2000-06-06 00:00:00,2000-06-06 00:00:00,primary,certified,False,Superintendent of Public Instruction,,Elaine Sollie Herman,,,,,Republican,,Treasure,ocd-division/country:us/state:mt/county:treasure,44,,,,,2000
2016-01-30 15:57:28.232000,mt-2000-06-06-primary,2000-06-06 00:00:00,2000-06-06 00:00:00,primary,certified,False,Superintendent of Public Instruction,,Elaine Sollie Herman,,,,,Republican,,Toole,ocd-division/country:us/state:mt/county:toole,221,,,,,2000
2016-01-30 15:57:28.232000,mt-2000-06-06-primary,2000-06-06 00:00:00,2000-06-06 00:00:00,primary,certified,False,Superintendent of Public Instruction,,Elaine Sollie Herman,,,,,Republican,,Teton,ocd-division/country:us/state:mt/county:teton,297,,,,,2000
2016-01-30 15:57:28.232000,mt-2000-06-06-primary,2000-06-06 00:00:00,2000-06-06 00:00:00,primary,certified,False,Superintendent of Public Instruction,,Elaine Sollie Herman,,,,,Republican,,Sweet Grass,ocd-division/country:us/state:mt/county:sweet_grass,244,,,,,2000
2016-01-30 15:57:28.232000,mt-2000-06-06-primary,2000-06-06 00:00:00,2000-06-06 00:00:00,primary,certified,False,Superintendent of Public Instruction,,Elaine Sollie Herman,,,,,Republican,,Stillwater,ocd-division/country:us/state:mt/county:stillwater,334,,,,,2000
2016-01-30 15:57:28.232000,mt-2000-06-06-primary,2000-06-06 00:00:00,2000-06-06 00:00:00,primary,certified,False,Superintendent of Public Instruction,,Elaine Sollie Herman,,,,,Republican,,Silver Bow,ocd-division/country:us/state:mt/county:silver_bow,660,,,,,2000
2016-01-30 15:57:28.232000,mt-2000-06-06-primary,2000-06-06 00:00:00,2000-06-06 00:00:00,primary,certified,False,Superintendent of Public Instruction,,Elaine Sollie Herman,,,,,Republican,,Sheridan,ocd-division/country:us/state:mt/county:sheridan,116,,,,,2000
2016-01-30 15:57:28.232000,mt-2000-06-06-primary,2000-06-06 00:00:00,2000-06-06 00:00:00,primary,certified,False,Superintendent of Public Instruction,,Elaine Sollie Herman,,,,,Republican,,Sanders,ocd-division/country:us/state:mt/county:sanders,369,,,,,2000
2016-01-30 15:57:28.232000,mt-2000-06-06-primary,2000-06-06 00:00:00,2000-06-06 00:00:00,primary,certified,False,Superintendent of Public Instruction,,Elaine Sollie Herman,,,,,Republican,,Rosebud,ocd-division/country:us/state:mt/county:rosebud,163,,,,,2000
2016-01-30 15:57:28.232000,mt-2000-06-06-primary,2000-06-06 00:00:00,2000-06-06 00:00:00,primary,certified,False,Superintendent of Public Instruction,,Elaine Sollie Herman,,,,,Republican,,Roosevelt,ocd-division/country:us/state:mt/county:roosevelt,103,,,,,2000
2016-01-30 15:57:28.232000,mt-2000-06-06-primary,2000-06-06 00:00:00,2000-06-06 00:00:00,primary,certified,False,Superintendent of Public Instruction,,Elaine Sollie Herman,,,,,Republican,,Richland,ocd-division/country:us/state:mt/county:richland,289,,,,,2000
2016-01-30 15:57:28.232000,mt-2000-06-06-primary,2000-06-06 00:00:00,2000-06-06 00:00:00,primary,certified,False,Superintendent of Public Instruction,,Elaine Sollie Herman,,,,,Republican,,Ravalli,ocd-division/country:us/state:mt/county:ravalli,1846,,,,,2000
2016-01-30 15:57:28.232000,mt-2000-06-06-primary,2000-06-06 00:00:00,2000-06-06 00:00:00,primary,certified,False,Superintendent of Public Instruction,,Elaine Sollie Herman,,,,,Republican,,Prairie,ocd-division/country:us/state:mt/county:prairie,114,,,,,2000
2016-01-30 15:57:28.232000,mt-2000-06-06-primary,2000-06-06 00:00:00,2000-06-06 00:00:00,primary,certified,False,Superintendent of Public Instruction,,Elaine Sollie Herman,,,,,Republican,,Powell,ocd-division/country:us/state:mt/county:powell,230,,,,,2000
2016-01-30 15:57:28.232000,mt-2000-06-06-primary,2000-06-06 00:00:00,2000-06-06 00:00:00,primary,certified,False,Superintendent of Public Instruction,,Elaine Sollie Herman,,,,,Republican,,Powder River,ocd-division/country:us/state:mt/county:powder_river,117,,,,,2000
2016-01-30 15:57:28.232000,mt-2000-06-06-primary,2000-06-06 00:00:00,2000-06-06 00:00:00,primary,certified,False,Superintendent of Public Instruction,,Elaine Sollie Herman,,,,,Republican,,Pondera,ocd-division/country:us/state:mt/county:pondera,248,,,,,2000
2016-01-30 15:57:28.232000,mt-2000-06-06-primary,2000-06-06 00:00:00,2000-06-06 00:00:00,primary,certified,False,Superintendent of Public Instruction,,Elaine Sollie Herman,,,,,Republican,,Phillips,ocd-division/country:us/state:mt/county:phillips,251,,,,,2000
2016-01-30 15:57:28.232000,mt-2000-06-06-primary,2000-06-06 00:00:00,2000-06-06 00:00:00,primary,certified,False,Superintendent of Public Instruction,,Elaine Sollie Herman,,,,,Republican,,Petroleum,ocd-division/country:us/state:mt/county:petroleum,28,,,,,2000
2016-01-30 15:57:28.232000,mt-2000-06-06-primary,2000-06-06 00:00:00,2000-06-06 00:00:00,primary,certified,False,Superintendent of Public Instruction,,Elaine Sollie Herman,,,,,Republican,,Park,ocd-division/country:us/state:mt/county:park,584,,,,,2000
2016-01-30 15:57:28.232000,mt-2000-06-06-primary,2000-06-06 00:00:00,2000-06-06 00:00:00,primary,certified,False,Superintendent of Public Instruction,,Elaine Sollie Herman,,,,,Republican,,Musselshell,ocd-division/country:us/state:mt/county:musselshell,253,,,,,2000
2016-01-30 15:57:28.232000,mt-2000-06-06-primary,2000-06-06 00:00:00,2000-06-06 00:00:00,primary,certified,False,Superintendent of Public Instruction,,Elaine Sollie Herman,,,,,Republican,,Missoula,ocd-division/country:us/state:mt/county:missoula,1828,,,,,2000
2016-01-30 15:57:28.232000,mt-2000-06-06-primary,2000-06-06 00:00:00,2000-06-06 00:00:00,primary,certified,False,Superintendent of Public Instruction,,Elaine Sollie Herman,,,,,Republican,,Mineral,ocd-division/country:us/state:mt/county:mineral,72,,,,,2000
2016-01-30 15:57:28.232000,mt-2000-06-06-primary,2000-06-06 00:00:00,2000-06-06 00:00:00,primary,certified,False,Superintendent of Public Instruction,,Elaine Sollie Herman,,,,,Republican,,Meagher,ocd-division/country:us/state:mt/county:meagher,84,,,,,2000
2016-01-30 15:57:28.232000,mt-2000-06-06-primary,2000-06-06 00:00:00,2000-06-06 00:00:00,primary,certified,False,Superintendent of Public Instruction,,Elaine Sollie Herman,,,,,Republican,,McCone,ocd-division/country:us/state:mt/county:mccone,65,,,,,2000
2016-01-30 15:57:28.232000,mt-2000-06-06-primary,2000-06-06 00:00:00,2000-06-06 00:00:00,primary,certified,False,Superintendent of Public Instruction,,Elaine Sollie Herman,,,,,Republican,,Madison,ocd-division/country:us/state:mt/county:madison,351,,,,,2000
2016-01-30 15:57:28.232000,mt-2000-06-06-primary,2000-06-06 00:00:00,2000-06-06 00:00:00,primary,certified,False,Superintendent of Public Instruction,,Elaine Sollie Herman,,,,,Republican,,Lincoln,ocd-division/country:us/state:mt/county:lincoln,599,,,,,2000
2016-01-30 15:57:28.232000,mt-2000-06-06-primary,2000-06-06 00:00:00,2000-06-06 00:00:00,primary,certified,False,Superintendent of Public Instruction,,Elaine Sollie Herman,,,,,Republican,,Liberty,ocd-division/country:us/state:mt/county:liberty,86,,,,,2000
2016-01-30 15:57:28.232000,mt-2000-06-06-primary,2000-06-06 00:00:00,2000-06-06 00:00:00,primary,certified,False,Superintendent of Public Instruction,,Elaine Sollie Herman,,,,,Republican,,Lewis & Clark,ocd-division/country:us/state:mt/county:lewis_and_clark,1364,,,,,2000
2016-01-30 15:57:28.232000,mt-2000-06-06-primary,2000-06-06 00:00:00,2000-06-06 00:00:00,primary,certified,False,Superintendent of Public Instruction,,Elaine Sollie Herman,,,,,Republican,,Lake,ocd-division/country:us/state:mt/county:lake,941,,,,,2000
2016-01-30 15:57:28.232000,mt-2000-06-06-primary,2000-06-06 00:00:00,2000-06-06 00:00:00,primary,certified,False,Superintendent of Public Instruction,,Elaine Sollie Herman,,,,,Republican,,Judith Basin,ocd-division/country:us/state:mt/county:judith_basin,136,,,,,2000
2016-01-30 15:57:28.232000,mt-2000-06-06-primary,2000-06-06 00:00:00,2000-06-06 00:00:00,primary,certified,False,Superintendent of Public Instruction,,Elaine Sollie Herman,,,,,Republican,,Jefferson,ocd-division/country:us/state:mt/county:jefferson,360,,,,,2000
2016-01-30 15:57:28.232000,mt-2000-06-06-primary,2000-06-06 00:00:00,2000-06-06 00:00:00,primary,certified,False,Superintendent of Public Instruction,,Elaine Sollie Herman,,,,,Republican,,Hill,ocd-division/country:us/state:mt/county:hill,255,,,,,2000
2016-01-30 15:57:28.232000,mt-2000-06-06-primary,2000-06-06 00:00:00,2000-06-06 00:00:00,primary,certified,False,Superintendent of Public Instruction,,Elaine Sollie Herman,,,,,Republican,,Granite,ocd-division/country:us/state:mt/county:granite,183,,,,,2000
2016-01-30 15:57:28.232000,mt-2000-06-06-primary,2000-06-06 00:00:00,2000-06-06 00:00:00,primary,certified,False,Superintendent of Public Instruction,,Elaine Sollie Herman,,,,,Republican,,Golden Valley,ocd-division/country:us/state:mt/county:golden_valley,50,,,,,2000
2016-01-30 15:57:28.232000,mt-2000-06-06-primary,2000-06-06 00:00:00,2000-06-06 00:00:00,primary,certified,False,Superintendent of Public Instruction,,Elaine Sollie Herman,,,,,Republican,,Glacier,ocd-division/country:us/state:mt/county:glacier,143,,,,,2000
2016-01-30 15:57:28.232000,mt-2000-06-06-primary,2000-06-06 00:00:00,2000-06-06 00:00:00,primary,certified,False,Superintendent of Public Instruction,,Elaine Sollie Herman,,,,,Republican,,Garfield,ocd-division/country:us/state:mt/county:garfield,90,,,,,2000
2016-01-30 15:57:28.232000,mt-2000-06-06-primary,2000-06-06 00:00:00,2000-06-06 00:00:00,primary,certified,False,Superintendent of Public Instruction,,Elaine Sollie Herman,,,,,Republican,,Gallatin,ocd-division/country:us/state:mt/county:gallatin,1407,,,,,2000
2016-01-30 15:57:28.232000,mt-2000-06-06-primary,2000-06-06 00:00:00,2000-06-06 00:00:00,primary,certified,False,Superintendent of Public Instruction,,Elaine Sollie Herman,,,,,Republican,,Flathead,ocd-division/country:us/state:mt/county:flathead,2694,,,,,2000
2016-01-30 15:57:28.232000,mt-2000-06-06-primary,2000-06-06 00:00:00,2000-06-06 00:00:00,primary,certified,False,Superintendent of Public Instruction,,Elaine Sollie Herman,,,,,Republican,,Fergus,ocd-division/country:us/state:mt/county:fergus,627,,,,,2000
2016-01-30 15:57:28.232000,mt-2000-06-06-primary,2000-06-06 00:00:00,2000-06-06 00:00:00,primary,certified,False,Superintendent of Public Instruction,,Elaine Sollie Herman,,,,,Republican,,Fallon,ocd-division/country:us/state:mt/county:fallon,175,,,,,2000
2016-01-30 15:57:28.232000,mt-2000-06-06-primary,2000-06-06 00:00:00,2000-06-06 00:00:00,primary,certified,False,Superintendent of Public Instruction,,Elaine Sollie Herman,,,,,Republican,,Deer Lodge,ocd-division/country:us/state:mt/county:deer_lodge,137,,,,,2000
2016-01-30 15:57:28.232000,mt-2000-06-06-primary,2000-06-06 00:00:00,2000-06-06 00:00:00,primary,certified,False,Superintendent of Public Instruction,,Elaine Sollie Herman,,,,,Republican,,Dawson,ocd-division/country:us/state:mt/county:dawson,359,,,,,2000
2016-01-30 15:57:28.232000,mt-2000-06-06-primary,2000-06-06 00:00:00,2000-06-06 00:00:00,primary,certified,False,Superintendent of Public Instruction,,Elaine Sollie Herman,,,,,Republican,,Daniels,ocd-division/country:us/state:mt/county:daniels,103,,,,,2000
2016-01-30 15:57:28.232000,mt-2000-06-06-primary,2000-06-06 00:00:00,2000-06-06 00:00:00,primary,certified,False,Superintendent of Public Instruction,,Elaine Sollie Herman,,,,,Republican,,Custer,ocd-division/country:us/state:mt/county:custer,377,,,,,2000
2016-01-30 15:57:28.232000,mt-2000-06-06-primary,2000-06-06 00:00:00,2000-06-06 00:00:00,primary,certified,False,Superintendent of Public Instruction,,Elaine Sollie Herman,,,,,Republican,,Chouteau,ocd-division/country:us/state:mt/county:chouteau,289,,,,,2000
2016-01-30 15:57:28.232000,mt-2000-06-06-primary,2000-06-06 00:00:00,2000-06-06 00:00:00,primary,certified,False,Superintendent of Public Instruction,,Elaine Sollie Herman,,,,,Republican,,Cascade,ocd-division/country:us/state:mt/county:cascade,1547,,,,,2000
2016-01-30 15:57:28.232000,mt-2000-06-06-primary,2000-06-06 00:00:00,2000-06-06 00:00:00,primary,certified,False,Superintendent of Public Instruction,,Elaine Sollie Herman,,,,,Republican,,Carter,ocd-division/country:us/state:mt/county:carter,95,,,,,2000
2016-01-30 15:57:28.232000,mt-2000-06-06-primary,2000-06-06 00:00:00,2000-06-06 00:00:00,primary,certified,False,Superintendent of Public Instruction,,Elaine Sollie Herman,,,,,Republican,,Carbon,ocd-division/country:us/state:mt/county:carbon,383,,,,,2000
2016-01-30 15:57:28.232000,mt-2000-06-06-primary,2000-06-06 00:00:00,2000-06-06 00:00:00,primary,certified,False,Superintendent of Public Instruction,,Elaine Sollie Herman,,,,,Republican,,Broadwater,ocd-division/country:us/state:mt/county:broadwater,167,,,,,2000
2016-01-30 15:57:28.232000,mt-2000-06-06-primary,2000-06-06 00:00:00,2000-06-06 00:00:00,primary,certified,False,Superintendent of Public Instruction,,Elaine Sollie Herman,,,,,Republican,,Blaine,ocd-division/country:us/state:mt/county:blaine,135,,,,,2000
2016-01-30 15:57:28.232000,mt-2000-06-06-primary,2000-06-06 00:00:00,2000-06-06 00:00:00,primary,certified,False,Superintendent of Public Instruction,,Elaine Sollie Herman,,,,,Republican,,Big Horn,ocd-division/country:us/state:mt/county:big_horn,209,,,,,2000
2016-01-30 15:57:28.232000,mt-2000-06-06-primary,2000-06-06 00:00:00,2000-06-06 00:00:00,primary,certified,False,Superintendent of Public Instruction,,Elaine Sollie Herman,,,,,Republican,,Beaverhead,ocd-division/country:us/state:mt/county:beaverhead,507,,,,,2000
2016-01-30 15:57:28.232000,mt-2000-06-06-primary,2000-06-06 00:00:00,2000-06-06 00:00:00,primary,certified,False,Superintendent of Public Instruction,,Dennis Johnson,,,,,Republican,,Yellowstone,ocd-division/country:us/state:mt/county:yellowstone,3058,,,,,2000
2016-01-30 15:57:28.232000,mt-2000-06-06-primary,2000-06-06 00:00:00,2000-06-06 00:00:00,primary,certified,False,Superintendent of Public Instruction,,Dennis Johnson,,,,,Republican,,Wibaux,ocd-division/country:us/state:mt/county:wibaux,28,,,,,2000
2016-01-30 15:57:28.232000,mt-2000-06-06-primary,2000-06-06 00:00:00,2000-06-06 00:00:00,primary,certified,False,Superintendent of Public Instruction,,Dennis Johnson,,,,,Republican,,Wheatland,ocd-division/country:us/state:mt/county:wheatland,49,,,,,2000
2016-01-30 15:57:28.232000,mt-2000-06-06-primary,2000-06-06 00:00:00,2000-06-06 00:00:00,primary,certified,False,Superintendent of Public Instruction,,Dennis Johnson,,,,,Republican,,Valley,ocd-division/country:us/state:mt/county:valley,201,,,,,2000
2016-01-30 15:57:28.232000,mt-2000-06-06-primary,2000-06-06 00:00:00,2000-06-06 00:00:00,primary,certified,False,Superintendent of Public Instruction,,Dennis Johnson,,,,,Republican,,Treasure,ocd-division/country:us/state:mt/county:treasure,17,,,,,2000
2016-01-30 15:57:28.232000,mt-2000-06-06-primary,2000-06-06 00:00:00,2000-06-06 00:00:00,primary,certified,False,Superintendent of Public Instruction,,Dennis Johnson,,,,,Republican,,Toole,ocd-division/country:us/state:mt/county:toole,143,,,,,2000
2016-01-30 15:57:28.232000,mt-2000-06-06-primary,2000-06-06 00:00:00,2000-06-06 00:00:00,primary,certified,False,Superintendent of Public Instruction,,Dennis Johnson,,,,,Republican,,Teton,ocd-division/country:us/state:mt/county:teton,193,,,,,2000
2016-01-30 15:57:28.232000,mt-2000-06-06-primary,2000-06-06 00:00:00,2000-06-06 00:00:00,primary,certified,False,Superintendent of Public Instruction,,Dennis Johnson,,,,,Republican,,Sweet Grass,ocd-division/country:us/state:mt/county:sweet_grass,97,,,,,2000
2016-01-30 15:57:28.232000,mt-2000-06-06-primary,2000-06-06 00:00:00,2000-06-06 00:00:00,primary,certified,False,Superintendent of Public Instruction,,Dennis Johnson,,,,,Republican,,Stillwater,ocd-division/country:us/state:mt/county:stillwater,202,,,,,2000
2016-01-30 15:57:28.232000,mt-2000-06-06-primary,2000-06-06 00:00:00,2000-06-06 00:00:00,primary,certified,False,Superintendent of Public Instruction,,Dennis Johnson,,,,,Republican,,Silver Bow,ocd-division/country:us/state:mt/county:silver_bow,476,,,,,2000
2016-01-30 15:57:28.232000,mt-2000-06-06-primary,2000-06-06 00:00:00,2000-06-06 00:00:00,primary,certified,False,Superintendent of Public Instruction,,Dennis Johnson,,,,,Republican,,Sheridan,ocd-division/country:us/state:mt/county:sheridan,57,,,,,2000
2016-01-30 15:57:28.232000,mt-2000-06-06-primary,2000-06-06 00:00:00,2000-06-06 00:00:00,primary,certified,False,Superintendent of Public Instruction,,Dennis Johnson,,,,,Republican,,Sanders,ocd-division/country:us/state:mt/county:sanders,166,,,,,2000
2016-01-30 15:57:28.232000,mt-2000-06-06-primary,2000-06-06 00:00:00,2000-06-06 00:00:00,primary,certified,False,Superintendent of Public Instruction,,Dennis Johnson,,,,,Republican,,Rosebud,ocd-division/country:us/state:mt/county:rosebud,110,,,,,2000
2016-01-30 15:57:28.232000,mt-2000-06-06-primary,2000-06-06 00:00:00,2000-06-06 00:00:00,primary,certified,False,Superintendent of Public Instruction,,Dennis Johnson,,,,,Republican,,Roosevelt,ocd-division/country:us/state:mt/county:roosevelt,104,,,,,2000
2016-01-30 15:57:28.232000,mt-2000-06-06-primary,2000-06-06 00:00:00,2000-06-06 00:00:00,primary,certified,False,Superintendent of Public Instruction,,Dennis Johnson,,,,,Republican,,Richland,ocd-division/country:us/state:mt/county:richland,211,,,,,2000
2016-01-30 15:57:28.232000,mt-2000-06-06-primary,2000-06-06 00:00:00,2000-06-06 00:00:00,primary,certified,False,Superintendent of Public Instruction,,Dennis Johnson,,,,,Republican,,Ravalli,ocd-division/country:us/state:mt/county:ravalli,931,,,,,2000
2016-01-30 15:57:28.232000,mt-2000-06-06-primary,2000-06-06 00:00:00,2000-06-06 00:00:00,primary,certified,False,Superintendent of Public Instruction,,Dennis Johnson,,,,,Republican,,Prairie,ocd-division/country:us/state:mt/county:prairie,38,,,,,2000
2016-01-30 15:57:28.232000,mt-2000-06-06-primary,2000-06-06 00:00:00,2000-06-06 00:00:00,primary,certified,False,Superintendent of Public Instruction,,Dennis Johnson,,,,,Republican,,Powell,ocd-division/country:us/state:mt/county:powell,121,,,,,2000
2016-01-30 15:57:28.232000,mt-2000-06-06-primary,2000-06-06 00:00:00,2000-06-06 00:00:00,primary,certified,False,Superintendent of Public Instruction,,Dennis Johnson,,,,,Republican,,Powder River,ocd-division/country:us/state:mt/county:powder_river,75,,,,,2000
2016-01-30 15:57:28.232000,mt-2000-06-06-primary,2000-06-06 00:00:00,2000-06-06 00:00:00,primary,certified,False,Superintendent of Public Instruction,,Dennis Johnson,,,,,Republican,,Pondera,ocd-division/country:us/state:mt/county:pondera,177,,,,,2000
2016-01-30 15:57:28.232000,mt-2000-06-06-primary,2000-06-06 00:00:00,2000-06-06 00:00:00,primary,certified,False,Superintendent of Public Instruction,,Dennis Johnson,,,,,Republican,,Phillips,ocd-division/country:us/state:mt/county:phillips,202,,,,,2000
2016-01-30 15:57:28.232000,mt-2000-06-06-primary,2000-06-06 00:00:00,2000-06-06 00:00:00,primary,certified,False,Superintendent of Public Instruction,,Dennis Johnson,,,,,Republican,,Petroleum,ocd-division/country:us/state:mt/county:petroleum,9,,,,,2000
2016-01-30 15:57:28.232000,mt-2000-06-06-primary,2000-06-06 00:00:00,2000-06-06 00:00:00,primary,certified,False,Superintendent of Public Instruction,,Dennis Johnson,,,,,Republican,,Park,ocd-division/country:us/state:mt/county:park,267,,,,,2000
2016-01-30 15:57:28.232000,mt-2000-06-06-primary,2000-06-06 00:00:00,2000-06-06 00:00:00,primary,certified,False,Superintendent of Public Instruction,,Dennis Johnson,,,,,Republican,,Musselshell,ocd-division/country:us/state:mt/county:musselshell,301,,,,,2000
2016-01-30 15:57:28.232000,mt-2000-06-06-primary,2000-06-06 00:00:00,2000-06-06 00:00:00,primary,certified,False,Superintendent of Public Instruction,,Dennis Johnson,,,,,Republican,,Missoula,ocd-division/country:us/state:mt/county:missoula,1149,,,,,2000
2016-01-30 15:57:28.232000,mt-2000-06-06-primary,2000-06-06 00:00:00,2000-06-06 00:00:00,primary,certified,False,Superintendent of Public Instruction,,Dennis Johnson,,,,,Republican,,Mineral,ocd-division/country:us/state:mt/county:mineral,63,,,,,2000
2016-01-30 15:57:28.232000,mt-2000-06-06-primary,2000-06-06 00:00:00,2000-06-06 00:00:00,primary,certified,False,Superintendent of Public Instruction,,Dennis Johnson,,,,,Republican,,Meagher,ocd-division/country:us/state:mt/county:meagher,48,,,,,2000
2016-01-30 15:57:28.232000,mt-2000-06-06-primary,2000-06-06 00:00:00,2000-06-06 00:00:00,primary,certified,False,Superintendent of Public Instruction,,Dennis Johnson,,,,,Republican,,McCone,ocd-division/country:us/state:mt/county:mccone,58,,,,,2000
2016-01-30 15:57:28.232000,mt-2000-06-06-primary,2000-06-06 00:00:00,2000-06-06 00:00:00,primary,certified,False,Superintendent of Public Instruction,,Dennis Johnson,,,,,Republican,,Madison,ocd-division/country:us/state:mt/county:madison,229,,,,,2000
2016-01-30 15:57:28.232000,mt-2000-06-06-primary,2000-06-06 00:00:00,2000-06-06 00:00:00,primary,certified,False,Superintendent of Public Instruction,,Dennis Johnson,,,,,Republican,,Lincoln,ocd-division/country:us/state:mt/county:lincoln,357,,,,,2000
2016-01-30 15:57:28.232000,mt-2000-06-06-primary,2000-06-06 00:00:00,2000-06-06 00:00:00,primary,certified,False,Superintendent of Public Instruction,,Dennis Johnson,,,,,Republican,,Liberty,ocd-division/country:us/state:mt/county:liberty,57,,,,,2000
2016-01-30 15:57:28.232000,mt-2000-06-06-primary,2000-06-06 00:00:00,2000-06-06 00:00:00,primary,certified,False,Superintendent of Public Instruction,,Dennis Johnson,,,,,Republican,,Lewis & Clark,ocd-division/country:us/state:mt/county:lewis_and_clark,768,,,,,2000
2016-01-30 15:57:28.232000,mt-2000-06-06-primary,2000-06-06 00:00:00,2000-06-06 00:00:00,primary,certified,False,Superintendent of Public Instruction,,Dennis Johnson,,,,,Republican,,Lake,ocd-division/country:us/state:mt/county:lake,540,,,,,2000
2016-01-30 15:57:28.232000,mt-2000-06-06-primary,2000-06-06 00:00:00,2000-06-06 00:00:00,primary,certified,False,Superintendent of Public Instruction,,Dennis Johnson,,,,,Republican,,Judith Basin,ocd-division/country:us/state:mt/county:judith_basin,66,,,,,2000
2016-01-30 15:57:28.232000,mt-2000-06-06-primary,2000-06-06 00:00:00,2000-06-06 00:00:00,primary,certified,False,Superintendent of Public Instruction,,Dennis Johnson,,,,,Republican,,Jefferson,ocd-division/country:us/state:mt/county:jefferson,211,,,,,2000
2016-01-30 15:57:28.232000,mt-2000-06-06-primary,2000-06-06 00:00:00,2000-06-06 00:00:00,primary,certified,False,Superintendent of Public Instruction,,Dennis Johnson,,,,,Republican,,Hill,ocd-division/country:us/state:mt/county:hill,254,,,,,2000
2016-01-30 15:57:28.232000,mt-2000-06-06-primary,2000-06-06 00:00:00,2000-06-06 00:00:00,primary,certified,False,Superintendent of Public Instruction,,Dennis Johnson,,,,,Republican,,Granite,ocd-division/country:us/state:mt/county:granite,89,,,,,2000
2016-01-30 15:57:28.232000,mt-2000-06-06-primary,2000-06-06 00:00:00,2000-06-06 00:00:00,primary,certified,False,Superintendent of Public Instruction,,Dennis Johnson,,,,,Republican,,Golden Valley,ocd-division/country:us/state:mt/county:golden_valley,30,,,,,2000
2016-01-30 15:57:28.232000,mt-2000-06-06-primary,2000-06-06 00:00:00,2000-06-06 00:00:00,primary,certified,False,Superintendent of Public Instruction,,Dennis Johnson,,,,,Republican,,Glacier,ocd-division/country:us/state:mt/county:glacier,106,,,,,2000
2016-01-30 15:57:28.232000,mt-2000-06-06-primary,2000-06-06 00:00:00,2000-06-06 00:00:00,primary,certified,False,Superintendent of Public Instruction,,Dennis Johnson,,,,,Republican,,Garfield,ocd-division/country:us/state:mt/county:garfield,39,,,,,2000
2016-01-30 15:57:28.232000,mt-2000-06-06-primary,2000-06-06 00:00:00,2000-06-06 00:00:00,primary,certified,False,Superintendent of Public Instruction,,Dennis Johnson,,,,,Republican,,Gallatin,ocd-division/country:us/state:mt/county:gallatin,1039,,,,,2000
2016-01-30 15:57:28.232000,mt-2000-06-06-primary,2000-06-06 00:00:00,2000-06-06 00:00:00,primary,certified,False,Superintendent of Public Instruction,,Dennis Johnson,,,,,Republican,,Flathead,ocd-division/country:us/state:mt/county:flathead,1004,,,,,2000
2016-01-30 15:57:28.232000,mt-2000-06-06-primary,2000-06-06 00:00:00,2000-06-06 00:00:00,primary,certified,False,Superintendent of Public Instruction,,Dennis Johnson,,,,,Republican,,Fergus,ocd-division/country:us/state:mt/county:fergus,447,,,,,2000
2016-01-30 15:57:28.232000,mt-2000-06-06-primary,2000-06-06 00:00:00,2000-06-06 00:00:00,primary,certified,False,Superintendent of Public Instruction,,Dennis Johnson,,,,,Republican,,Fallon,ocd-division/country:us/state:mt/county:fallon,67,,,,,2000
2016-01-30 15:57:28.232000,mt-2000-06-06-primary,2000-06-06 00:00:00,2000-06-06 00:00:00,primary,certified,False,Superintendent of Public Instruction,,Dennis Johnson,,,,,Republican,,Deer Lodge,ocd-division/country:us/state:mt/county:deer_lodge,89,,,,,2000
2016-01-30 15:57:28.232000,mt-2000-06-06-primary,2000-06-06 00:00:00,2000-06-06 00:00:00,primary,certified,False,Superintendent of Public Instruction,,Dennis Johnson,,,,,Republican,,Dawson,ocd-division/country:us/state:mt/county:dawson,189,,,,,2000
2016-01-30 15:57:28.232000,mt-2000-06-06-primary,2000-06-06 00:00:00,2000-06-06 00:00:00,primary,certified,False,Superintendent of Public Instruction,,Dennis Johnson,,,,,Republican,,Daniels,ocd-division/country:us/state:mt/county:daniels,68,,,,,2000
2016-01-30 15:57:28.232000,mt-2000-06-06-primary,2000-06-06 00:00:00,2000-06-06 00:00:00,primary,certified,False,Superintendent of Public Instruction,,Dennis Johnson,,,,,Republican,,Custer,ocd-division/country:us/state:mt/county:custer,197,,,,,2000
2016-01-30 15:57:28.232000,mt-2000-06-06-primary,2000-06-06 00:00:00,2000-06-06 00:00:00,primary,certified,False,Superintendent of Public Instruction,,Dennis Johnson,,,,,Republican,,Chouteau,ocd-division/country:us/state:mt/county:chouteau,309,,,,,2000
2016-01-30 15:57:28.232000,mt-2000-06-06-primary,2000-06-06 00:00:00,2000-06-06 00:00:00,primary,certified,False,Superintendent of Public Instruction,,Dennis Johnson,,,,,Republican,,Cascade,ocd-division/country:us/state:mt/county:cascade,1437,,,,,2000
2016-01-30 15:57:28.232000,mt-2000-06-06-primary,2000-06-06 00:00:00,2000-06-06 00:00:00,primary,certified,False,Superintendent of Public Instruction,,Dennis Johnson,,,,,Republican,,Carter,ocd-division/country:us/state:mt/county:carter,52,,,,,2000
2016-01-30 15:57:28.232000,mt-2000-06-06-primary,2000-06-06 00:00:00,2000-06-06 00:00:00,primary,certified,False,Superintendent of Public Instruction,,Dennis Johnson,,,,,Republican,,Carbon,ocd-division/country:us/state:mt/county:carbon,242,,,,,2000
2016-01-30 15:57:28.232000,mt-2000-06-06-primary,2000-06-06 00:00:00,2000-06-06 00:00:00,primary,certified,False,Superintendent of Public Instruction,,Dennis Johnson,,,,,Republican,,Broadwater,ocd-division/country:us/state:mt/county:broadwater,100,,,,,2000
2016-01-30 15:57:28.232000,mt-2000-06-06-primary,2000-06-06 00:00:00,2000-06-06 00:00:00,primary,certified,False,Superintendent of Public Instruction,,Dennis Johnson,,,,,Republican,,Blaine,ocd-division/country:us/state:mt/county:blaine,114,,,,,2000
2016-01-30 15:57:28.232000,mt-2000-06-06-primary,2000-06-06 00:00:00,2000-06-06 00:00:00,primary,certified,False,Superintendent of Public Instruction,,Dennis Johnson,,,,,Republican,,Big Horn,ocd-division/country:us/state:mt/county:big_horn,153,,,,,2000
2016-01-30 15:57:28.232000,mt-2000-06-06-primary,2000-06-06 00:00:00,2000-06-06 00:00:00,primary,certified,False,Superintendent of Public Instruction,,Dennis Johnson,,,,,Republican,,Beaverhead,ocd-division/country:us/state:mt/county:beaverhead,287,,,,,2000
2016-01-30 15:57:28.232000,mt-2000-06-06-primary,2000-06-06 00:00:00,2000-06-06 00:00:00,primary,certified,False,Superintendent of Public Instruction,,Wayne Buchanan,,,,,Republican,,Yellowstone,ocd-division/country:us/state:mt/county:yellowstone,2577,,,,,2000
2016-01-30 15:57:28.232000,mt-2000-06-06-primary,2000-06-06 00:00:00,2000-06-06 00:00:00,primary,certified,False,Superintendent of Public Instruction,,Wayne Buchanan,,,,,Republican,,Wibaux,ocd-division/country:us/state:mt/county:wibaux,29,,,,,2000
2016-01-30 15:57:28.232000,mt-2000-06-06-primary,2000-06-06 00:00:00,2000-06-06 00:00:00,primary,certified,False,Superintendent of Public Instruction,,Wayne Buchanan,,,,,Republican,,Wheatland,ocd-division/country:us/state:mt/county:wheatland,74,,,,,2000
2016-01-30 15:57:28.232000,mt-2000-06-06-primary,2000-06-06 00:00:00,2000-06-06 00:00:00,primary,certified,False,Superintendent of Public Instruction,,Wayne Buchanan,,,,,Republican,,Valley,ocd-division/country:us/state:mt/county:valley,269,,,,,2000
2016-01-30 15:57:28.232000,mt-2000-06-06-primary,2000-06-06 00:00:00,2000-06-06 00:00:00,primary,certified,False,Superintendent of Public Instruction,,Wayne Buchanan,,,,,Republican,,Treasure,ocd-division/country:us/state:mt/county:treasure,35,,,,,2000
2016-01-30 15:57:28.232000,mt-2000-06-06-primary,2000-06-06 00:00:00,2000-06-06 00:00:00,primary,certified,False,Superintendent of Public Instruction,,Wayne Buchanan,,,,,Republican,,Toole,ocd-division/country:us/state:mt/county:toole,215,,,,,2000
2016-01-30 15:57:28.232000,mt-2000-06-06-primary,2000-06-06 00:00:00,2000-06-06 00:00:00,primary,certified,False,Superintendent of Public Instruction,,Wayne Buchanan,,,,,Republican,,Teton,ocd-division/country:us/state:mt/county:teton,240,,,,,2000
2016-01-30 15:57:28.232000,mt-2000-06-06-primary,2000-06-06 00:00:00,2000-06-06 00:00:00,primary,certified,False,Superintendent of Public Instruction,,Wayne Buchanan,,,,,Republican,,Sweet Grass,ocd-division/country:us/state:mt/county:sweet_grass,138,,,,,2000
2016-01-30 15:57:28.232000,mt-2000-06-06-primary,2000-06-06 00:00:00,2000-06-06 00:00:00,primary,certified,False,Superintendent of Public Instruction,,Wayne Buchanan,,,,,Republican,,Stillwater,ocd-division/country:us/state:mt/county:stillwater,315,,,,,2000
2016-01-30 15:57:28.232000,mt-2000-06-06-primary,2000-06-06 00:00:00,2000-06-06 00:00:00,primary,certified,False,Superintendent of Public Instruction,,Wayne Buchanan,,,,,Republican,,Silver Bow,ocd-division/country:us/state:mt/county:silver_bow,576,,,,,2000
2016-01-30 15:57:28.232000,mt-2000-06-06-primary,2000-06-06 00:00:00,2000-06-06 00:00:00,primary,certified,False,Superintendent of Public Instruction,,Wayne Buchanan,,,,,Republican,,Sheridan,ocd-division/country:us/state:mt/county:sheridan,79,,,,,2000
2016-01-30 15:57:28.232000,mt-2000-06-06-primary,2000-06-06 00:00:00,2000-06-06 00:00:00,primary,certified,False,Superintendent of Public Instruction,,Wayne Buchanan,,,,,Republican,,Sanders,ocd-division/country:us/state:mt/county:sanders,301,,,,,2000
2016-01-30 15:57:28.232000,mt-2000-06-06-primary,2000-06-06 00:00:00,2000-06-06 00:00:00,primary,certified,False,Superintendent of Public Instruction,,Wayne Buchanan,,,,,Republican,,Rosebud,ocd-division/country:us/state:mt/county:rosebud,171,,,,,2000
2016-01-30 15:57:28.232000,mt-2000-06-06-primary,2000-06-06 00:00:00,2000-06-06 00:00:00,primary,certified,False,Superintendent of Public Instruction,,Wayne Buchanan,,,,,Republican,,Roosevelt,ocd-division/country:us/state:mt/county:roosevelt,131,,,,,2000
2016-01-30 15:57:28.232000,mt-2000-06-06-primary,2000-06-06 00:00:00,2000-06-06 00:00:00,primary,certified,False,Superintendent of Public Instruction,,Wayne Buchanan,,,,,Republican,,Richland,ocd-division/country:us/state:mt/county:richland,221,,,,,2000
2016-01-30 15:57:28.232000,mt-2000-06-06-primary,2000-06-06 00:00:00,2000-06-06 00:00:00,primary,certified,False,Superintendent of Public Instruction,,Wayne Buchanan,,,,,Republican,,Ravalli,ocd-division/country:us/state:mt/county:ravalli,1442,,,,,2000
2016-01-30 15:57:28.232000,mt-2000-06-06-primary,2000-06-06 00:00:00,2000-06-06 00:00:00,primary,certified,False,Superintendent of Public Instruction,,Wayne Buchanan,,,,,Republican,,Prairie,ocd-division/country:us/state:mt/county:prairie,73,,,,,2000
2016-01-30 15:57:28.232000,mt-2000-06-06-primary,2000-06-06 00:00:00,2000-06-06 00:00:00,primary,certified,False,Superintendent of Public Instruction,,Wayne Buchanan,,,,,Republican,,Powell,ocd-division/country:us/state:mt/county:powell,232,,,,,2000
2016-01-30 15:57:28.232000,mt-2000-06-06-primary,2000-06-06 00:00:00,2000-06-06 00:00:00,primary,certified,False,Superintendent of Public Instruction,,Wayne Buchanan,,,,,Republican,,Powder River,ocd-division/country:us/state:mt/county:powder_river,116,,,,,2000
2016-01-30 15:57:28.232000,mt-2000-06-06-primary,2000-06-06 00:00:00,2000-06-06 00:00:00,primary,certified,False,Superintendent of Public Instruction,,Wayne Buchanan,,,,,Republican,,Pondera,ocd-division/country:us/state:mt/county:pondera,254,,,,,2000
2016-01-30 15:57:28.232000,mt-2000-06-06-primary,2000-06-06 00:00:00,2000-06-06 00:00:00,primary,certified,False,Superintendent of Public Instruction,,Wayne Buchanan,,,,,Republican,,Phillips,ocd-division/country:us/state:mt/county:phillips,223,,,,,2000
2016-01-30 15:57:28.232000,mt-2000-06-06-primary,2000-06-06 00:00:00,2000-06-06 00:00:00,primary,certified,False,Superintendent of Public Instruction,,Wayne Buchanan,,,,,Republican,,Petroleum,ocd-division/country:us/state:mt/county:petroleum,33,,,,,2000
2016-01-30 15:57:28.232000,mt-2000-06-06-primary,2000-06-06 00:00:00,2000-06-06 00:00:00,primary,certified,False,Superintendent of Public Instruction,,Wayne Buchanan,,,,,Republican,,Park,ocd-division/country:us/state:mt/county:park,327,,,,,2000
2016-01-30 15:57:28.232000,mt-2000-06-06-primary,2000-06-06 00:00:00,2000-06-06 00:00:00,primary,certified,False,Superintendent of Public Instruction,,Wayne Buchanan,,,,,Republican,,Musselshell,ocd-division/country:us/state:mt/county:musselshell,197,,,,,2000
2016-01-30 15:57:28.232000,mt-2000-06-06-primary,2000-06-06 00:00:00,2000-06-06 00:00:00,primary,certified,False,Superintendent of Public Instruction,,Wayne Buchanan,,,,,Republican,,Missoula,ocd-division/country:us/state:mt/county:missoula,1851,,,,,2000
2016-01-30 15:57:28.232000,mt-2000-06-06-primary,2000-06-06 00:00:00,2000-06-06 00:00:00,primary,certified,False,Superintendent of Public Instruction,,Wayne Buchanan,,,,,Republican,,Mineral,ocd-division/country:us/state:mt/county:mineral,96,,,,,2000
2016-01-30 15:57:28.232000,mt-2000-06-06-primary,2000-06-06 00:00:00,2000-06-06 00:00:00,primary,certified,False,Superintendent of Public Instruction,,Wayne Buchanan,,,,,Republican,,Meagher,ocd-division/country:us/state:mt/county:meagher,88,,,,,2000
2016-01-30 15:57:28.232000,mt-2000-06-06-primary,2000-06-06 00:00:00,2000-06-06 00:00:00,primary,certified,False,Superintendent of Public Instruction,,Wayne Buchanan,,,,,Republican,,McCone,ocd-division/country:us/state:mt/county:mccone,103,,,,,2000
2016-01-30 15:57:28.232000,mt-2000-06-06-primary,2000-06-06 00:00:00,2000-06-06 00:00:00,primary,certified,False,Superintendent of Public Instruction,,Wayne Buchanan,,,,,Republican,,Madison,ocd-division/country:us/state:mt/county:madison,329,,,,,2000
2016-01-30 15:57:28.232000,mt-2000-06-06-primary,2000-06-06 00:00:00,2000-06-06 00:00:00,primary,certified,False,Superintendent of Public Instruction,,Wayne Buchanan,,,,,Republican,,Lincoln,ocd-division/country:us/state:mt/county:lincoln,415,,,,,2000
2016-01-30 15:57:28.232000,mt-2000-06-06-primary,2000-06-06 00:00:00,2000-06-06 00:00:00,primary,certified,False,Superintendent of Public Instruction,,Wayne Buchanan,,,,,Republican,,Liberty,ocd-division/country:us/state:mt/county:liberty,103,,,,,2000
2016-01-30 15:57:28.232000,mt-2000-06-06-primary,2000-06-06 00:00:00,2000-06-06 00:00:00,primary,certified,False,Superintendent of Public Instruction,,Wayne Buchanan,,,,,Republican,,Lewis & Clark,ocd-division/country:us/state:mt/county:lewis_and_clark,1060,,,,,2000
2016-01-30 15:57:28.232000,mt-2000-06-06-primary,2000-06-06 00:00:00,2000-06-06 00:00:00,primary,certified,False,Superintendent of Public Instruction,,Wayne Buchanan,,,,,Republican,,Lake,ocd-division/country:us/state:mt/county:lake,704,,,,,2000
2016-01-30 15:57:28.232000,mt-2000-06-06-primary,2000-06-06 00:00:00,2000-06-06 00:00:00,primary,certified,False,Superintendent of Public Instruction,,Wayne Buchanan,,,,,Republican,,Judith Basin,ocd-division/country:us/state:mt/county:judith_basin,101,,,,,2000
2016-01-30 15:57:28.232000,mt-2000-06-06-primary,2000-06-06 00:00:00,2000-06-06 00:00:00,primary,certified,False,Superintendent of Public Instruction,,Wayne Buchanan,,,,,Republican,,Jefferson,ocd-division/country:us/state:mt/county:jefferson,290,,,,,2000
2016-01-30 15:57:28.232000,mt-2000-06-06-primary,2000-06-06 00:00:00,2000-06-06 00:00:00,primary,certified,False,Superintendent of Public Instruction,,Wayne Buchanan,,,,,Republican,,Hill,ocd-division/country:us/state:mt/county:hill,281,,,,,2000
2016-01-30 15:57:28.232000,mt-2000-06-06-primary,2000-06-06 00:00:00,2000-06-06 00:00:00,primary,certified,False,Superintendent of Public Instruction,,Wayne Buchanan,,,,,Republican,,Granite,ocd-division/country:us/state:mt/county:granite,144,,,,,2000
2016-01-30 15:57:28.232000,mt-2000-06-06-primary,2000-06-06 00:00:00,2000-06-06 00:00:00,primary,certified,False,Superintendent of Public Instruction,,Wayne Buchanan,,,,,Republican,,Golden Valley,ocd-division/country:us/state:mt/county:golden_valley,50,,,,,2000
2016-01-30 15:57:28.232000,mt-2000-06-06-primary,2000-06-06 00:00:00,2000-06-06 00:00:00,primary,certified,False,Superintendent of Public Instruction,,Wayne Buchanan,,,,,Republican,,Glacier,ocd-division/country:us/state:mt/county:glacier,143,,,,,2000
2016-01-30 15:57:28.232000,mt-2000-06-06-primary,2000-06-06 00:00:00,2000-06-06 00:00:00,primary,certified,False,Superintendent of Public Instruction,,Wayne Buchanan,,,,,Republican,,Garfield,ocd-division/country:us/state:mt/county:garfield,67,,,,,2000
2016-01-30 15:57:28.232000,mt-2000-06-06-primary,2000-06-06 00:00:00,2000-06-06 00:00:00,primary,certified,False,Superintendent of Public Instruction,,Wayne Buchanan,,,,,Republican,,Gallatin,ocd-division/country:us/state:mt/county:gallatin,1690,,,,,2000
2016-01-30 15:57:28.232000,mt-2000-06-06-primary,2000-06-06 00:00:00,2000-06-06 00:00:00,primary,certified,False,Superintendent of Public Instruction,,Wayne Buchanan,,,,,Republican,,Flathead,ocd-division/country:us/state:mt/county:flathead,1913,,,,,2000
2016-01-30 15:57:28.232000,mt-2000-06-06-primary,2000-06-06 00:00:00,2000-06-06 00:00:00,primary,certified,False,Superintendent of Public Instruction,,Wayne Buchanan,,,,,Republican,,Fergus,ocd-division/country:us/state:mt/county:fergus,671,,,,,2000
2016-01-30 15:57:28.232000,mt-2000-06-06-primary,2000-06-06 00:00:00,2000-06-06 00:00:00,primary,certified,False,Superintendent of Public Instruction,,Wayne Buchanan,,,,,Republican,,Fallon,ocd-division/country:us/state:mt/county:fallon,96,,,,,2000
2016-01-30 15:57:28.232000,mt-2000-06-06-primary,2000-06-06 00:00:00,2000-06-06 00:00:00,primary,certified,False,Superintendent of Public Instruction,,Wayne Buchanan,,,,,Republican,,Deer Lodge,ocd-division/country:us/state:mt/county:deer_lodge,160,,,,,2000
2016-01-30 15:57:28.232000,mt-2000-06-06-primary,2000-06-06 00:00:00,2000-06-06 00:00:00,primary,certified,False,Superintendent of Public Instruction,,Wayne Buchanan,,,,,Republican,,Dawson,ocd-division/country:us/state:mt/county:dawson,286,,,,,2000
2016-01-30 15:57:28.232000,mt-2000-06-06-primary,2000-06-06 00:00:00,2000-06-06 00:00:00,primary,certified,False,Superintendent of Public Instruction,,Wayne Buchanan,,,,,Republican,,Daniels,ocd-division/country:us/state:mt/county:daniels,152,,,,,2000
2016-01-30 15:57:28.232000,mt-2000-06-06-primary,2000-06-06 00:00:00,2000-06-06 00:00:00,primary,certified,False,Superintendent of Public Instruction,,Wayne Buchanan,,,,,Republican,,Custer,ocd-division/country:us/state:mt/county:custer,309,,,,,2000
2016-01-30 15:57:28.232000,mt-2000-06-06-primary,2000-06-06 00:00:00,2000-06-06 00:00:00,primary,certified,False,Superintendent of Public Instruction,,Wayne Buchanan,,,,,Republican,,Chouteau,ocd-division/country:us/state:mt/county:chouteau,283,,,,,2000
2016-01-30 15:57:28.232000,mt-2000-06-06-primary,2000-06-06 00:00:00,2000-06-06 00:00:00,primary,certified,False,Superintendent of Public Instruction,,Wayne Buchanan,,,,,Republican,,Cascade,ocd-division/country:us/state:mt/county:cascade,1410,,,,,2000
2016-01-30 15:57:28.232000,mt-2000-06-06-primary,2000-06-06 00:00:00,2000-06-06 00:00:00,primary,certified,False,Superintendent of Public Instruction,,Wayne Buchanan,,,,,Republican,,Carter,ocd-division/country:us/state:mt/county:carter,71,,,,,2000
2016-01-30 15:57:28.232000,mt-2000-06-06-primary,2000-06-06 00:00:00,2000-06-06 00:00:00,primary,certified,False,Superintendent of Public Instruction,,Wayne Buchanan,,,,,Republican,,Carbon,ocd-division/country:us/state:mt/county:carbon,311,,,,,2000
2016-01-30 15:57:28.232000,mt-2000-06-06-primary,2000-06-06 00:00:00,2000-06-06 00:00:00,primary,certified,False,Superintendent of Public Instruction,,Wayne Buchanan,,,,,Republican,,Broadwater,ocd-division/country:us/state:mt/county:broadwater,154,,,,,2000
2016-01-30 15:57:28.232000,mt-2000-06-06-primary,2000-06-06 00:00:00,2000-06-06 00:00:00,primary,certified,False,Superintendent of Public Instruction,,Wayne Buchanan,,,,,Republican,,Blaine,ocd-division/country:us/state:mt/county:blaine,148,,,,,2000
2016-01-30 15:57:28.232000,mt-2000-06-06-primary,2000-06-06 00:00:00,2000-06-06 00:00:00,primary,certified,False,Superintendent of Public Instruction,,Wayne Buchanan,,,,,Republican,,Big Horn,ocd-division/country:us/state:mt/county:big_horn,147,,,,,2000
2016-01-30 15:57:28.232000,mt-2000-06-06-primary,2000-06-06 00:00:00,2000-06-06 00:00:00,primary,certified,False,Superintendent of Public Instruction,,Wayne Buchanan,,,,,Republican,,Beaverhead,ocd-division/country:us/state:mt/county:beaverhead,382,,,,,2000
2016-01-30 15:57:28.232000,mt-2000-06-06-primary,2000-06-06 00:00:00,2000-06-06 00:00:00,primary,certified,False,Superintendent of Public Instruction,,Bob Anderson,,,,,Republican,,Yellowstone,ocd-division/country:us/state:mt/county:yellowstone,2301,,,,,2000
2016-01-30 15:57:28.232000,mt-2000-06-06-primary,2000-06-06 00:00:00,2000-06-06 00:00:00,primary,certified,False,Superintendent of Public Instruction,,Bob Anderson,,,,,Republican,,Wibaux,ocd-division/country:us/state:mt/county:wibaux,24,,,,,2000
2016-01-30 15:57:28.232000,mt-2000-06-06-primary,2000-06-06 00:00:00,2000-06-06 00:00:00,primary,certified,False,Superintendent of Public Instruction,,Bob Anderson,,,,,Republican,,Wheatland,ocd-division/country:us/state:mt/county:wheatland,119,,,,,2000
2016-01-30 15:57:28.232000,mt-2000-06-06-primary,2000-06-06 00:00:00,2000-06-06 00:00:00,primary,certified,False,Superintendent of Public Instruction,,Bob Anderson,,,,,Republican,,Valley,ocd-division/country:us/state:mt/county:valley,275,,,,,2000
2016-01-30 15:57:28.232000,mt-2000-06-06-primary,2000-06-06 00:00:00,2000-06-06 00:00:00,primary,certified,False,Superintendent of Public Instruction,,Bob Anderson,,,,,Republican,,Treasure,ocd-division/country:us/state:mt/county:treasure,63,,,,,2000
2016-01-30 15:57:28.232000,mt-2000-06-06-primary,2000-06-06 00:00:00,2000-06-06 00:00:00,primary,certified,False,Superintendent of Public Instruction,,Bob Anderson,,,,,Republican,,Toole,ocd-division/country:us/state:mt/county:toole,217,,,,,2000
2016-01-30 15:57:28.232000,mt-2000-06-06-primary,2000-06-06 00:00:00,2000-06-06 00:00:00,primary,certified,False,Superintendent of Public Instruction,,Bob Anderson,,,,,Republican,,Teton,ocd-division/country:us/state:mt/county:teton,417,,,,,2000
2016-01-30 15:57:28.232000,mt-2000-06-06-primary,2000-06-06 00:00:00,2000-06-06 00:00:00,primary,certified,False,Superintendent of Public Instruction,,Bob Anderson,,,,,Republican,,Sweet Grass,ocd-division/country:us/state:mt/county:sweet_grass,233,,,,,2000
2016-01-30 15:57:28.232000,mt-2000-06-06-primary,2000-06-06 00:00:00,2000-06-06 00:00:00,primary,certified,False,Superintendent of Public Instruction,,Bob Anderson,,,,,Republican,,Stillwater,ocd-division/country:us/state:mt/county:stillwater,245,,,,,2000
2016-01-30 15:57:28.232000,mt-2000-06-06-primary,2000-06-06 00:00:00,2000-06-06 00:00:00,primary,certified,False,Superintendent of Public Instruction,,Bob Anderson,,,,,Republican,,Silver Bow,ocd-division/country:us/state:mt/county:silver_bow,637,,,,,2000
2016-01-30 15:57:28.232000,mt-2000-06-06-primary,2000-06-06 00:00:00,2000-06-06 00:00:00,primary,certified,False,Superintendent of Public Instruction,,Bob Anderson,,,,,Republican,,Sheridan,ocd-division/country:us/state:mt/county:sheridan,93,,,,,2000
2016-01-30 15:57:28.232000,mt-2000-06-06-primary,2000-06-06 00:00:00,2000-06-06 00:00:00,primary,certified,False,Superintendent of Public Instruction,,Bob Anderson,,,,,Republican,,Sanders,ocd-division/country:us/state:mt/county:sanders,272,,,,,2000
2016-01-30 15:57:28.232000,mt-2000-06-06-primary,2000-06-06 00:00:00,2000-06-06 00:00:00,primary,certified,False,Superintendent of Public Instruction,,Bob Anderson,,,,,Republican,,Rosebud,ocd-division/country:us/state:mt/county:rosebud,178,,,,,2000
2016-01-30 15:57:28.232000,mt-2000-06-06-primary,2000-06-06 00:00:00,2000-06-06 00:00:00,primary,certified,False,Superintendent of Public Instruction,,Bob Anderson,,,,,Republican,,Roosevelt,ocd-division/country:us/state:mt/county:roosevelt,135,,,,,2000
2016-01-30 15:57:28.232000,mt-2000-06-06-primary,2000-06-06 00:00:00,2000-06-06 00:00:00,primary,certified,False,Superintendent of Public Instruction,,Bob Anderson,,,,,Republican,,Richland,ocd-division/country:us/state:mt/county:richland,244,,,,,2000
2016-01-30 15:57:28.232000,mt-2000-06-06-primary,2000-06-06 00:00:00,2000-06-06 00:00:00,primary,certified,False,Superintendent of Public Instruction,,Bob Anderson,,,,,Republican,,Ravalli,ocd-division/country:us/state:mt/county:ravalli,1194,,,,,2000
2016-01-30 15:57:28.232000,mt-2000-06-06-primary,2000-06-06 00:00:00,2000-06-06 00:00:00,primary,certified,False,Superintendent of Public Instruction,,Bob Anderson,,,,,Republican,,Prairie,ocd-division/country:us/state:mt/county:prairie,80,,,,,2000
2016-01-30 15:57:28.232000,mt-2000-06-06-primary,2000-06-06 00:00:00,2000-06-06 00:00:00,primary,certified,False,Superintendent of Public Instruction,,Bob Anderson,,,,,Republican,,Powell,ocd-division/country:us/state:mt/county:powell,201,,,,,2000
2016-01-30 15:57:28.232000,mt-2000-06-06-primary,2000-06-06 00:00:00,2000-06-06 00:00:00,primary,certified,False,Superintendent of Public Instruction,,Bob Anderson,,,,,Republican,,Powder River,ocd-division/country:us/state:mt/county:powder_river,103,,,,,2000
2016-01-30 15:57:28.232000,mt-2000-06-06-primary,2000-06-06 00:00:00,2000-06-06 00:00:00,primary,certified,False,Superintendent of Public Instruction,,Bob Anderson,,,,,Republican,,Pondera,ocd-division/country:us/state:mt/county:pondera,218,,,,,2000
2016-01-30 15:57:28.232000,mt-2000-06-06-primary,2000-06-06 00:00:00,2000-06-06 00:00:00,primary,certified,False,Superintendent of Public Instruction,,Bob Anderson,,,,,Republican,,Phillips,ocd-division/country:us/state:mt/county:phillips,194,,,,,2000
2016-01-30 15:57:28.232000,mt-2000-06-06-primary,2000-06-06 00:00:00,2000-06-06 00:00:00,primary,certified,False,Superintendent of Public Instruction,,Bob Anderson,,,,,Republican,,Petroleum,ocd-division/country:us/state:mt/county:petroleum,34,,,,,2000
2016-01-30 15:57:28.232000,mt-2000-06-06-primary,2000-06-06 00:00:00,2000-06-06 00:00:00,primary,certified,False,Superintendent of Public Instruction,,Bob Anderson,,,,,Republican,,Park,ocd-division/country:us/state:mt/county:park,609,,,,,2000
2016-01-30 15:57:28.232000,mt-2000-06-06-primary,2000-06-06 00:00:00,2000-06-06 00:00:00,primary,certified,False,Superintendent of Public Instruction,,Bob Anderson,,,,,Republican,,Musselshell,ocd-division/country:us/state:mt/county:musselshell,167,,,,,2000
2016-01-30 15:57:28.232000,mt-2000-06-06-primary,2000-06-06 00:00:00,2000-06-06 00:00:00,primary,certified,False,Superintendent of Public Instruction,,Bob Anderson,,,,,Republican,,Missoula,ocd-division/country:us/state:mt/county:missoula,1970,,,,,2000
2016-01-30 15:57:28.232000,mt-2000-06-06-primary,2000-06-06 00:00:00,2000-06-06 00:00:00,primary,certified,False,Superintendent of Public Instruction,,Bob Anderson,,,,,Republican,,Mineral,ocd-division/country:us/state:mt/county:mineral,103,,,,,2000
2016-01-30 15:57:28.232000,mt-2000-06-06-primary,2000-06-06 00:00:00,2000-06-06 00:00:00,primary,certified,False,Superintendent of Public Instruction,,Bob Anderson,,,,,Republican,,Meagher,ocd-division/country:us/state:mt/county:meagher,110,,,,,2000
2016-01-30 15:57:28.232000,mt-2000-06-06-primary,2000-06-06 00:00:00,2000-06-06 00:00:00,primary,certified,False,Superintendent of Public Instruction,,Bob Anderson,,,,,Republican,,McCone,ocd-division/country:us/state:mt/county:mccone,100,,,,,2000
2016-01-30 15:57:28.232000,mt-2000-06-06-primary,2000-06-06 00:00:00,2000-06-06 00:00:00,primary,certified,False,Superintendent of Public Instruction,,Bob Anderson,,,,,Republican,,Madison,ocd-division/country:us/state:mt/county:madison,291,,,,,2000
2016-01-30 15:57:28.232000,mt-2000-06-06-primary,2000-06-06 00:00:00,2000-06-06 00:00:00,primary,certified,False,Superintendent of Public Instruction,,Bob Anderson,,,,,Republican,,Lincoln,ocd-division/country:us/state:mt/county:lincoln,502,,,,,2000
2016-01-30 15:57:28.232000,mt-2000-06-06-primary,2000-06-06 00:00:00,2000-06-06 00:00:00,primary,certified,False,Superintendent of Public Instruction,,Bob Anderson,,,,,Republican,,Liberty,ocd-division/country:us/state:mt/county:liberty,129,,,,,2000
2016-01-30 15:57:28.232000,mt-2000-06-06-primary,2000-06-06 00:00:00,2000-06-06 00:00:00,primary,certified,False,Superintendent of Public Instruction,,Bob Anderson,,,,,Republican,,Lewis & Clark,ocd-division/country:us/state:mt/county:lewis_and_clark,1933,,,,,2000
2016-01-30 15:57:28.232000,mt-2000-06-06-primary,2000-06-06 00:00:00,2000-06-06 00:00:00,primary,certified,False,Superintendent of Public Instruction,,Bob Anderson,,,,,Republican,,Lake,ocd-division/country:us/state:mt/county:lake,888,,,,,2000
2016-01-30 15:57:28.232000,mt-2000-06-06-primary,2000-06-06 00:00:00,2000-06-06 00:00:00,primary,certified,False,Superintendent of Public Instruction,,Bob Anderson,,,,,Republican,,Judith Basin,ocd-division/country:us/state:mt/county:judith_basin,186,,,,,2000
2016-01-30 15:57:28.232000,mt-2000-06-06-primary,2000-06-06 00:00:00,2000-06-06 00:00:00,primary,certified,False,Superintendent of Public Instruction,,Bob Anderson,,,,,Republican,,Jefferson,ocd-division/country:us/state:mt/county:jefferson,461,,,,,2000
2016-01-30 15:57:28.232000,mt-2000-06-06-primary,2000-06-06 00:00:00,2000-06-06 00:00:00,primary,certified,False,Superintendent of Public Instruction,,Bob Anderson,,,,,Republican,,Hill,ocd-division/country:us/state:mt/county:hill,316,,,,,2000
2016-01-30 15:57:28.232000,mt-2000-06-06-primary,2000-06-06 00:00:00,2000-06-06 00:00:00,primary,certified,False,Superintendent of Public Instruction,,Bob Anderson,,,,,Republican,,Granite,ocd-division/country:us/state:mt/county:granite,133,,,,,2000
2016-01-30 15:57:28.232000,mt-2000-06-06-primary,2000-06-06 00:00:00,2000-06-06 00:00:00,primary,certified,False,Superintendent of Public Instruction,,Bob Anderson,,,,,Republican,,Golden Valley,ocd-division/country:us/state:mt/county:golden_valley,64,,,,,2000
2016-01-30 15:57:28.232000,mt-2000-06-06-primary,2000-06-06 00:00:00,2000-06-06 00:00:00,primary,certified,False,Superintendent of Public Instruction,,Bob Anderson,,,,,Republican,,Glacier,ocd-division/country:us/state:mt/county:glacier,143,,,,,2000
2016-01-30 15:57:28.232000,mt-2000-06-06-primary,2000-06-06 00:00:00,2000-06-06 00:00:00,primary,certified,False,Superintendent of Public Instruction,,Bob Anderson,,,,,Republican,,Garfield,ocd-division/country:us/state:mt/county:garfield,90,,,,,2000
2016-01-30 15:57:28.232000,mt-2000-06-06-primary,2000-06-06 00:00:00,2000-06-06 00:00:00,primary,certified,False,Superintendent of Public Instruction,,Bob Anderson,,,,,Republican,,Gallatin,ocd-division/country:us/state:mt/county:gallatin,1392,,,,,2000
2016-01-30 15:57:28.232000,mt-2000-06-06-primary,2000-06-06 00:00:00,2000-06-06 00:00:00,primary,certified,False,Superintendent of Public Instruction,,Bob Anderson,,,,,Republican,,Flathead,ocd-division/country:us/state:mt/county:flathead,3294,,,,,2000
2016-01-30 15:57:28.232000,mt-2000-06-06-primary,2000-06-06 00:00:00,2000-06-06 00:00:00,primary,certified,False,Superintendent of Public Instruction,,Bob Anderson,,,,,Republican,,Fergus,ocd-division/country:us/state:mt/county:fergus,535,,,,,2000
2016-01-30 15:57:28.232000,mt-2000-06-06-primary,2000-06-06 00:00:00,2000-06-06 00:00:00,primary,certified,False,Superintendent of Public Instruction,,Bob Anderson,,,,,Republican,,Fallon,ocd-division/country:us/state:mt/county:fallon,151,,,,,2000
2016-01-30 15:57:28.232000,mt-2000-06-06-primary,2000-06-06 00:00:00,2000-06-06 00:00:00,primary,certified,False,Superintendent of Public Instruction,,Bob Anderson,,,,,Republican,,Deer Lodge,ocd-division/country:us/state:mt/county:deer_lodge,144,,,,,2000
2016-01-30 15:57:28.232000,mt-2000-06-06-primary,2000-06-06 00:00:00,2000-06-06 00:00:00,primary,certified,False,Superintendent of Public Instruction,,Bob Anderson,,,,,Republican,,Dawson,ocd-division/country:us/state:mt/county:dawson,397,,,,,2000
2016-01-30 15:57:28.232000,mt-2000-06-06-primary,2000-06-06 00:00:00,2000-06-06 00:00:00,primary,certified,False,Superintendent of Public Instruction,,Bob Anderson,,,,,Republican,,Daniels,ocd-division/country:us/state:mt/county:daniels,86,,,,,2000
2016-01-30 15:57:28.232000,mt-2000-06-06-primary,2000-06-06 00:00:00,2000-06-06 00:00:00,primary,certified,False,Superintendent of Public Instruction,,Bob Anderson,,,,,Republican,,Custer,ocd-division/country:us/state:mt/county:custer,316,,,,,2000
2016-01-30 15:57:28.232000,mt-2000-06-06-primary,2000-06-06 00:00:00,2000-06-06 00:00:00,primary,certified,False,Superintendent of Public Instruction,,Bob Anderson,,,,,Republican,,Chouteau,ocd-division/country:us/state:mt/county:chouteau,279,,,,,2000
2016-01-30 15:57:28.232000,mt-2000-06-06-primary,2000-06-06 00:00:00,2000-06-06 00:00:00,primary,certified,False,Superintendent of Public Instruction,,Bob Anderson,,,,,Republican,,Cascade,ocd-division/country:us/state:mt/county:cascade,1804,,,,,2000
2016-01-30 15:57:28.232000,mt-2000-06-06-primary,2000-06-06 00:00:00,2000-06-06 00:00:00,primary,certified,False,Superintendent of Public Instruction,,Bob Anderson,,,,,Republican,,Carter,ocd-division/country:us/state:mt/county:carter,88,,,,,2000
2016-01-30 15:57:28.232000,mt-2000-06-06-primary,2000-06-06 00:00:00,2000-06-06 00:00:00,primary,certified,False,Superintendent of Public Instruction,,Bob Anderson,,,,,Republican,,Carbon,ocd-division/country:us/state:mt/county:carbon,249,,,,,2000
2016-01-30 15:57:28.232000,mt-2000-06-06-primary,2000-06-06 00:00:00,2000-06-06 00:00:00,primary,certified,False,Superintendent of Public Instruction,,Bob Anderson,,,,,Republican,,Broadwater,ocd-division/country:us/state:mt/county:broadwater,215,,,,,2000
2016-01-30 15:57:28.232000,mt-2000-06-06-primary,2000-06-06 00:00:00,2000-06-06 00:00:00,primary,certified,False,Superintendent of Public Instruction,,Bob Anderson,,,,,Republican,,Blaine,ocd-division/country:us/state:mt/county:blaine,110,,,,,2000
2016-01-30 15:57:28.232000,mt-2000-06-06-primary,2000-06-06 00:00:00,2000-06-06 00:00:00,primary,certified,False,Superintendent of Public Instruction,,Bob Anderson,,,,,Republican,,Big Horn,ocd-division/country:us/state:mt/county:big_horn,149,,,,,2000
2016-01-30 15:57:28.232000,mt-2000-06-06-primary,2000-06-06 00:00:00,2000-06-06 00:00:00,primary,certified,False,Superintendent of Public Instruction,,Bob Anderson,,,,,Republican,,Beaverhead,ocd-division/country:us/state:mt/county:beaverhead,424,,,,,2000
2016-01-30 15:57:28.232000,mt-2000-06-06-primary,2000-06-06 00:00:00,2000-06-06 00:00:00,primary,certified,False,Superintendent of Public Instruction,,Larry D. Foust,,,,,Reform,,Yellowstone,ocd-division/country:us/state:mt/county:yellowstone,74,,,,,2000
2016-01-30 15:57:28.232000,mt-2000-06-06-primary,2000-06-06 00:00:00,2000-06-06 00:00:00,primary,certified,False,Superintendent of Public Instruction,,Larry D. Foust,,,,,Reform,,Wibaux,ocd-division/country:us/state:mt/county:wibaux,0,,,,,2000
2016-01-30 15:57:28.232000,mt-2000-06-06-primary,2000-06-06 00:00:00,2000-06-06 00:00:00,primary,certified,False,Superintendent of Public Instruction,,Larry D. Foust,,,,,Reform,,Wheatland,ocd-division/country:us/state:mt/county:wheatland,2,,,,,2000
2016-01-30 15:57:28.232000,mt-2000-06-06-primary,2000-06-06 00:00:00,2000-06-06 00:00:00,primary,certified,False,Superintendent of Public Instruction,,Larry D. Foust,,,,,Reform,,Valley,ocd-division/country:us/state:mt/county:valley,19,,,,,2000
2016-01-30 15:57:28.232000,mt-2000-06-06-primary,2000-06-06 00:00:00,2000-06-06 00:00:00,primary,certified,False,Superintendent of Public Instruction,,Larry D. Foust,,,,,Reform,,Treasure,ocd-division/country:us/state:mt/county:treasure,2,,,,,2000
2016-01-30 15:57:28.232000,mt-2000-06-06-primary,2000-06-06 00:00:00,2000-06-06 00:00:00,primary,certified,False,Superintendent of Public Instruction,,Larry D. Foust,,,,,Reform,,Toole,ocd-division/country:us/state:mt/county:toole,5,,,,,2000
2016-01-30 15:57:28.232000,mt-2000-06-06-primary,2000-06-06 00:00:00,2000-06-06 00:00:00,primary,certified,False,Superintendent of Public Instruction,,Larry D. Foust,,,,,Reform,,Teton,ocd-division/country:us/state:mt/county:teton,7,,,,,2000
2016-01-30 15:57:28.232000,mt-2000-06-06-primary,2000-06-06 00:00:00,2000-06-06 00:00:00,primary,certified,False,Superintendent of Public Instruction,,Larry D. Foust,,,,,Reform,,Sweet Grass,ocd-division/country:us/state:mt/county:sweet_grass,3,,,,,2000
2016-01-30 15:57:28.232000,mt-2000-06-06-primary,2000-06-06 00:00:00,2000-06-06 00:00:00,primary,certified,False,Superintendent of Public Instruction,,Larry D. Foust,,,,,Reform,,Stillwater,ocd-division/country:us/state:mt/county:stillwater,6,,,,,2000
2016-01-30 15:57:28.232000,mt-2000-06-06-primary,2000-06-06 00:00:00,2000-06-06 00:00:00,primary,certified,False,Superintendent of Public Instruction,,Larry D. Foust,,,,,Reform,,Silver Bow,ocd-division/country:us/state:mt/county:silver_bow,102,,,,,2000
2016-01-30 15:57:28.232000,mt-2000-06-06-primary,2000-06-06 00:00:00,2000-06-06 00:00:00,primary,certified,False,Superintendent of Public Instruction,,Larry D. Foust,,,,,Reform,,Sheridan,ocd-division/country:us/state:mt/county:sheridan,4,,,,,2000
2016-01-30 15:57:28.232000,mt-2000-06-06-primary,2000-06-06 00:00:00,2000-06-06 00:00:00,primary,certified,False,Superintendent of Public Instruction,,Larry D. Foust,,,,,Reform,,Sanders,ocd-division/country:us/state:mt/county:sanders,29,,,,,2000
2016-01-30 15:57:28.232000,mt-2000-06-06-primary,2000-06-06 00:00:00,2000-06-06 00:00:00,primary,certified,False,Superintendent of Public Instruction,,Larry D. Foust,,,,,Reform,,Rosebud,ocd-division/country:us/state:mt/county:rosebud,10,,,,,2000
2016-01-30 15:57:28.232000,mt-2000-06-06-primary,2000-06-06 00:00:00,2000-06-06 00:00:00,primary,certified,False,Superintendent of Public Instruction,,Larry D. Foust,,,,,Reform,,Roosevelt,ocd-division/country:us/state:mt/county:roosevelt,9,,,,,2000
2016-01-30 15:57:28.232000,mt-2000-06-06-primary,2000-06-06 00:00:00,2000-06-06 00:00:00,primary,certified,False,Superintendent of Public Instruction,,Larry D. Foust,,,,,Reform,,Richland,ocd-division/country:us/state:mt/county:richland,6,,,,,2000
2016-01-30 15:57:28.232000,mt-2000-06-06-primary,2000-06-06 00:00:00,2000-06-06 00:00:00,primary,certified,False,Superintendent of Public Instruction,,Larry D. Foust,,,,,Reform,,Ravalli,ocd-division/country:us/state:mt/county:ravalli,28,,,,,2000
2016-01-30 15:57:28.232000,mt-2000-06-06-primary,2000-06-06 00:00:00,2000-06-06 00:00:00,primary,certified,False,Superintendent of Public Instruction,,Larry D. Foust,,,,,Reform,,Prairie,ocd-division/country:us/state:mt/county:prairie,4,,,,,2000
2016-01-30 15:57:28.232000,mt-2000-06-06-primary,2000-06-06 00:00:00,2000-06-06 00:00:00,primary,certified,False,Superintendent of Public Instruction,,Larry D. Foust,,,,,Reform,,Powell,ocd-division/country:us/state:mt/county:powell,1,,,,,2000
2016-01-30 15:57:28.232000,mt-2000-06-06-primary,2000-06-06 00:00:00,2000-06-06 00:00:00,primary,certified,False,Superintendent of Public Instruction,,Larry D. Foust,,,,,Reform,,Powder River,ocd-division/country:us/state:mt/county:powder_river,1,,,,,2000
2016-01-30 15:57:28.232000,mt-2000-06-06-primary,2000-06-06 00:00:00,2000-06-06 00:00:00,primary,certified,False,Superintendent of Public Instruction,,Larry D. Foust,,,,,Reform,,Pondera,ocd-division/country:us/state:mt/county:pondera,6,,,,,2000
2016-01-30 15:57:28.232000,mt-2000-06-06-primary,2000-06-06 00:00:00,2000-06-06 00:00:00,primary,certified,False,Superintendent of Public Instruction,,Larry D. Foust,,,,,Reform,,Phillips,ocd-division/country:us/state:mt/county:phillips,1,,,,,2000
2016-01-30 15:57:28.232000,mt-2000-06-06-primary,2000-06-06 00:00:00,2000-06-06 00:00:00,primary,certified,False,Superintendent of Public Instruction,,Larry D. Foust,,,,,Reform,,Petroleum,ocd-division/country:us/state:mt/county:petroleum,1,,,,,2000
2016-01-30 15:57:28.232000,mt-2000-06-06-primary,2000-06-06 00:00:00,2000-06-06 00:00:00,primary,certified,False,Superintendent of Public Instruction,,Larry D. Foust,,,,,Reform,,Park,ocd-division/country:us/state:mt/county:park,30,,,,,2000
2016-01-30 15:57:28.232000,mt-2000-06-06-primary,2000-06-06 00:00:00,2000-06-06 00:00:00,primary,certified,False,Superintendent of Public Instruction,,Larry D. Foust,,,,,Reform,,Musselshell,ocd-division/country:us/state:mt/county:musselshell,12,,,,,2000
2016-01-30 15:57:28.232000,mt-2000-06-06-primary,2000-06-06 00:00:00,2000-06-06 00:00:00,primary,certified,False,Superintendent of Public Instruction,,Larry D. Foust,,,,,Reform,,Missoula,ocd-division/country:us/state:mt/county:missoula,4,,,,,2000
2016-01-30 15:57:28.232000,mt-2000-06-06-primary,2000-06-06 00:00:00,2000-06-06 00:00:00,primary,certified,False,Superintendent of Public Instruction,,Larry D. Foust,,,,,Reform,,Mineral,ocd-division/country:us/state:mt/county:mineral,17,,,,,2000
2016-01-30 15:57:28.232000,mt-2000-06-06-primary,2000-06-06 00:00:00,2000-06-06 00:00:00,primary,certified,False,Superintendent of Public Instruction,,Larry D. Foust,,,,,Reform,,Meagher,ocd-division/country:us/state:mt/county:meagher,2,,,,,2000
2016-01-30 15:57:28.232000,mt-2000-06-06-primary,2000-06-06 00:00:00,2000-06-06 00:00:00,primary,certified,False,Superintendent of Public Instruction,,Larry D. Foust,,,,,Reform,,McCone,ocd-division/country:us/state:mt/county:mccone,2,,,,,2000
2016-01-30 15:57:28.232000,mt-2000-06-06-primary,2000-06-06 00:00:00,2000-06-06 00:00:00,primary,certified,False,Superintendent of Public Instruction,,Larry D. Foust,,,,,Reform,,Madison,ocd-division/country:us/state:mt/county:madison,17,,,,,2000
2016-01-30 15:57:28.232000,mt-2000-06-06-primary,2000-06-06 00:00:00,2000-06-06 00:00:00,primary,certified,False,Superintendent of Public Instruction,,Larry D. Foust,,,,,Reform,,Lincoln,ocd-division/country:us/state:mt/county:lincoln,52,,,,,2000
2016-01-30 15:57:28.232000,mt-2000-06-06-primary,2000-06-06 00:00:00,2000-06-06 00:00:00,primary,certified,False,Superintendent of Public Instruction,,Larry D. Foust,,,,,Reform,,Liberty,ocd-division/country:us/state:mt/county:liberty,5,,,,,2000
2016-01-30 15:57:28.232000,mt-2000-06-06-primary,2000-06-06 00:00:00,2000-06-06 00:00:00,primary,certified,False,Superintendent of Public Instruction,,Larry D. Foust,,,,,Reform,,Lewis & Clark,ocd-division/country:us/state:mt/county:lewis_and_clark,122,,,,,2000
2016-01-30 15:57:28.232000,mt-2000-06-06-primary,2000-06-06 00:00:00,2000-06-06 00:00:00,primary,certified,False,Superintendent of Public Instruction,,Larry D. Foust,,,,,Reform,,Lake,ocd-division/country:us/state:mt/county:lake,26,,,,,2000
2016-01-30 15:57:28.232000,mt-2000-06-06-primary,2000-06-06 00:00:00,2000-06-06 00:00:00,primary,certified,False,Superintendent of Public Instruction,,Larry D. Foust,,,,,Reform,,Judith Basin,ocd-division/country:us/state:mt/county:judith_basin,1,,,,,2000
2016-01-30 15:57:28.232000,mt-2000-06-06-primary,2000-06-06 00:00:00,2000-06-06 00:00:00,primary,certified,False,Superintendent of Public Instruction,,Larry D. Foust,,,,,Reform,,Jefferson,ocd-division/country:us/state:mt/county:jefferson,16,,,,,2000
2016-01-30 15:57:28.232000,mt-2000-06-06-primary,2000-06-06 00:00:00,2000-06-06 00:00:00,primary,certified,False,Superintendent of Public Instruction,,Larry D. Foust,,,,,Reform,,Hill,ocd-division/country:us/state:mt/county:hill,13,,,,,2000
2016-01-30 15:57:28.232000,mt-2000-06-06-primary,2000-06-06 00:00:00,2000-06-06 00:00:00,primary,certified,False,Superintendent of Public Instruction,,Larry D. Foust,,,,,Reform,,Granite,ocd-division/country:us/state:mt/county:granite,1,,,,,2000
2016-01-30 15:57:28.232000,mt-2000-06-06-primary,2000-06-06 00:00:00,2000-06-06 00:00:00,primary,certified,False,Superintendent of Public Instruction,,Larry D. Foust,,,,,Reform,,Golden Valley,ocd-division/country:us/state:mt/county:golden_valley,0,,,,,2000
2016-01-30 15:57:28.232000,mt-2000-06-06-primary,2000-06-06 00:00:00,2000-06-06 00:00:00,primary,certified,False,Superintendent of Public Instruction,,Larry D. Foust,,,,,Reform,,Glacier,ocd-division/country:us/state:mt/county:glacier,5,,,,,2000
2016-01-30 15:57:28.232000,mt-2000-06-06-primary,2000-06-06 00:00:00,2000-06-06 00:00:00,primary,certified,False,Superintendent of Public Instruction,,Larry D. Foust,,,,,Reform,,Garfield,ocd-division/country:us/state:mt/county:garfield,2,,,,,2000
2016-01-30 15:57:28.232000,mt-2000-06-06-primary,2000-06-06 00:00:00,2000-06-06 00:00:00,primary,certified,False,Superintendent of Public Instruction,,Larry D. Foust,,,,,Reform,,Gallatin,ocd-division/country:us/state:mt/county:gallatin,27,,,,,2000
2016-01-30 15:57:28.232000,mt-2000-06-06-primary,2000-06-06 00:00:00,2000-06-06 00:00:00,primary,certified,False,Superintendent of Public Instruction,,Larry D. Foust,,,,,Reform,,Flathead,ocd-division/country:us/state:mt/county:flathead,79,,,,,2000
2016-01-30 15:57:28.232000,mt-2000-06-06-primary,2000-06-06 00:00:00,2000-06-06 00:00:00,primary,certified,False,Superintendent of Public Instruction,,Larry D. Foust,,,,,Reform,,Fergus,ocd-division/country:us/state:mt/county:fergus,19,,,,,2000
2016-01-30 15:57:28.232000,mt-2000-06-06-primary,2000-06-06 00:00:00,2000-06-06 00:00:00,primary,certified,False,Superintendent of Public Instruction,,Larry D. Foust,,,,,Reform,,Fallon,ocd-division/country:us/state:mt/county:fallon,3,,,,,2000
2016-01-30 15:57:28.232000,mt-2000-06-06-primary,2000-06-06 00:00:00,2000-06-06 00:00:00,primary,certified,False,Superintendent of Public Instruction,,Larry D. Foust,,,,,Reform,,Deer Lodge,ocd-division/country:us/state:mt/county:deer_lodge,23,,,,,2000
2016-01-30 15:57:28.232000,mt-2000-06-06-primary,2000-06-06 00:00:00,2000-06-06 00:00:00,primary,certified,False,Superintendent of Public Instruction,,Larry D. Foust,,,,,Reform,,Dawson,ocd-division/country:us/state:mt/county:dawson,4,,,,,2000
2016-01-30 15:57:28.232000,mt-2000-06-06-primary,2000-06-06 00:00:00,2000-06-06 00:00:00,primary,certified,False,Superintendent of Public Instruction,,Larry D. Foust,,,,,Reform,,Daniels,ocd-division/country:us/state:mt/county:daniels,2,,,,,2000
2016-01-30 15:57:28.232000,mt-2000-06-06-primary,2000-06-06 00:00:00,2000-06-06 00:00:00,primary,certified,False,Superintendent of Public Instruction,,Larry D. Foust,,,,,Reform,,Custer,ocd-division/country:us/state:mt/county:custer,14,,,,,2000
2016-01-30 15:57:28.232000,mt-2000-06-06-primary,2000-06-06 00:00:00,2000-06-06 00:00:00,primary,certified,False,Superintendent of Public Instruction,,Larry D. Foust,,,,,Reform,,Chouteau,ocd-division/country:us/state:mt/county:chouteau,6,,,,,2000
2016-01-30 15:57:28.232000,mt-2000-06-06-primary,2000-06-06 00:00:00,2000-06-06 00:00:00,primary,certified,False,Superintendent of Public Instruction,,Larry D. Foust,,,,,Reform,,Cascade,ocd-division/country:us/state:mt/county:cascade,58,,,,,2000
2016-01-30 15:57:28.232000,mt-2000-06-06-primary,2000-06-06 00:00:00,2000-06-06 00:00:00,primary,certified,False,Superintendent of Public Instruction,,Larry D. Foust,,,,,Reform,,Carter,ocd-division/country:us/state:mt/county:carter,0,,,,,2000
2016-01-30 15:57:28.232000,mt-2000-06-06-primary,2000-06-06 00:00:00,2000-06-06 00:00:00,primary,certified,False,Superintendent of Public Instruction,,Larry D. Foust,,,,,Reform,,Carbon,ocd-division/country:us/state:mt/county:carbon,12,,,,,2000
2016-01-30 15:57:28.232000,mt-2000-06-06-primary,2000-06-06 00:00:00,2000-06-06 00:00:00,primary,certified,False,Superintendent of Public Instruction,,Larry D. Foust,,,,,Reform,,Broadwater,ocd-division/country:us/state:mt/county:broadwater,58,,,,,2000
2016-01-30 15:57:28.232000,mt-2000-06-06-primary,2000-06-06 00:00:00,2000-06-06 00:00:00,primary,certified,False,Superintendent of Public Instruction,,Larry D. Foust,,,,,Reform,,Blaine,ocd-division/country:us/state:mt/county:blaine,7,,,,,2000
2016-01-30 15:57:28.232000,mt-2000-06-06-primary,2000-06-06 00:00:00,2000-06-06 00:00:00,primary,certified,False,Superintendent of Public Instruction,,Larry D. Foust,,,,,Reform,,Big Horn,ocd-division/country:us/state:mt/county:big_horn,6,,,,,2000
2016-01-30 15:57:28.232000,mt-2000-06-06-primary,2000-06-06 00:00:00,2000-06-06 00:00:00,primary,certified,False,Superintendent of Public Instruction,,Larry D. Foust,,,,,Reform,,Beaverhead,ocd-division/country:us/state:mt/county:beaverhead,5,,,,,2000
2016-01-30 15:57:28.232000,mt-2000-06-06-primary,2000-06-06 00:00:00,2000-06-06 00:00:00,primary,certified,False,Superintendent of Public Instruction,,Mike Schwinden,,,,,Democrat,,Yellowstone,ocd-division/country:us/state:mt/county:yellowstone,2858,,,,,2000
2016-01-30 15:57:28.232000,mt-2000-06-06-primary,2000-06-06 00:00:00,2000-06-06 00:00:00,primary,certified,False,Superintendent of Public Instruction,,Mike Schwinden,,,,,Democrat,,Wibaux,ocd-division/country:us/state:mt/county:wibaux,52,,,,,2000
2016-01-30 15:57:28.232000,mt-2000-06-06-primary,2000-06-06 00:00:00,2000-06-06 00:00:00,primary,certified,False,Superintendent of Public Instruction,,Mike Schwinden,,,,,Democrat,,Wheatland,ocd-division/country:us/state:mt/county:wheatland,59,,,,,2000
2016-01-30 15:57:28.232000,mt-2000-06-06-primary,2000-06-06 00:00:00,2000-06-06 00:00:00,primary,certified,False,Superintendent of Public Instruction,,Mike Schwinden,,,,,Democrat,,Valley,ocd-division/country:us/state:mt/county:valley,514,,,,,2000
2016-01-30 15:57:28.232000,mt-2000-06-06-primary,2000-06-06 00:00:00,2000-06-06 00:00:00,primary,certified,False,Superintendent of Public Instruction,,Mike Schwinden,,,,,Democrat,,Treasure,ocd-division/country:us/state:mt/county:treasure,47,,,,,2000
2016-01-30 15:57:28.232000,mt-2000-06-06-primary,2000-06-06 00:00:00,2000-06-06 00:00:00,primary,certified,False,Superintendent of Public Instruction,,Mike Schwinden,,,,,Democrat,,Toole,ocd-division/country:us/state:mt/county:toole,241,,,,,2000
2016-01-30 15:57:28.232000,mt-2000-06-06-primary,2000-06-06 00:00:00,2000-06-06 00:00:00,primary,certified,False,Superintendent of Public Instruction,,Mike Schwinden,,,,,Democrat,,Teton,ocd-division/country:us/state:mt/county:teton,322,,,,,2000
2016-01-30 15:57:28.232000,mt-2000-06-06-primary,2000-06-06 00:00:00,2000-06-06 00:00:00,primary,certified,False,Superintendent of Public Instruction,,Mike Schwinden,,,,,Democrat,,Sweet Grass,ocd-division/country:us/state:mt/county:sweet_grass,77,,,,,2000
2016-01-30 15:57:28.232000,mt-2000-06-06-primary,2000-06-06 00:00:00,2000-06-06 00:00:00,primary,certified,False,Superintendent of Public Instruction,,Mike Schwinden,,,,,Democrat,,Stillwater,ocd-division/country:us/state:mt/county:stillwater,237,,,,,2000
2016-01-30 15:57:28.232000,mt-2000-06-06-primary,2000-06-06 00:00:00,2000-06-06 00:00:00,primary,certified,False,Superintendent of Public Instruction,,Mike Schwinden,,,,,Democrat,,Silver Bow,ocd-division/country:us/state:mt/county:silver_bow,2275,,,,,2000
2016-01-30 15:57:28.232000,mt-2000-06-06-primary,2000-06-06 00:00:00,2000-06-06 00:00:00,primary,certified,False,Superintendent of Public Instruction,,Mike Schwinden,,,,,Democrat,,Sheridan,ocd-division/country:us/state:mt/county:sheridan,263,,,,,2000
2016-01-30 15:57:28.232000,mt-2000-06-06-primary,2000-06-06 00:00:00,2000-06-06 00:00:00,primary,certified,False,Superintendent of Public Instruction,,Mike Schwinden,,,,,Democrat,,Sanders,ocd-division/country:us/state:mt/county:sanders,232,,,,,2000
2016-01-30 15:57:28.232000,mt-2000-06-06-primary,2000-06-06 00:00:00,2000-06-06 00:00:00,primary,certified,False,Superintendent of Public Instruction,,Mike Schwinden,,,,,Democrat,,Rosebud,ocd-division/country:us/state:mt/county:rosebud,238,,,,,2000
2016-01-30 15:57:28.232000,mt-2000-06-06-primary,2000-06-06 00:00:00,2000-06-06 00:00:00,primary,certified,False,Superintendent of Public Instruction,,Mike Schwinden,,,,,Democrat,,Roosevelt,ocd-division/country:us/state:mt/county:roosevelt,576,,,,,2000
2016-01-30 15:57:28.232000,mt-2000-06-06-primary,2000-06-06 00:00:00,2000-06-06 00:00:00,primary,certified,False,Superintendent of Public Instruction,,Mike Schwinden,,,,,Democrat,,Richland,ocd-division/country:us/state:mt/county:richland,270,,,,,2000
2016-01-30 15:57:28.232000,mt-2000-06-06-primary,2000-06-06 00:00:00,2000-06-06 00:00:00,primary,certified,False,Superintendent of Public Instruction,,Mike Schwinden,,,,,Democrat,,Ravalli,ocd-division/country:us/state:mt/county:ravalli,591,,,,,2000
2016-01-30 15:57:28.232000,mt-2000-06-06-primary,2000-06-06 00:00:00,2000-06-06 00:00:00,primary,certified,False,Superintendent of Public Instruction,,Mike Schwinden,,,,,Democrat,,Prairie,ocd-division/country:us/state:mt/county:prairie,54,,,,,2000
2016-01-30 15:57:28.232000,mt-2000-06-06-primary,2000-06-06 00:00:00,2000-06-06 00:00:00,primary,certified,False,Superintendent of Public Instruction,,Mike Schwinden,,,,,Democrat,,Powell,ocd-division/country:us/state:mt/county:powell,125,,,,,2000
2016-01-30 15:57:28.232000,mt-2000-06-06-primary,2000-06-06 00:00:00,2000-06-06 00:00:00,primary,certified,False,Superintendent of Public Instruction,,Mike Schwinden,,,,,Democrat,,Powder River,ocd-division/country:us/state:mt/county:powder_river,17,,,,,2000
2016-01-30 15:57:28.232000,mt-2000-06-06-primary,2000-06-06 00:00:00,2000-06-06 00:00:00,primary,certified,False,Superintendent of Public Instruction,,Mike Schwinden,,,,,Democrat,,Pondera,ocd-division/country:us/state:mt/county:pondera,385,,,,,2000
2016-01-30 15:57:28.232000,mt-2000-06-06-primary,2000-06-06 00:00:00,2000-06-06 00:00:00,primary,certified,False,Superintendent of Public Instruction,,Mike Schwinden,,,,,Democrat,,Phillips,ocd-division/country:us/state:mt/county:phillips,133,,,,,2000
2016-01-30 15:57:28.232000,mt-2000-06-06-primary,2000-06-06 00:00:00,2000-06-06 00:00:00,primary,certified,False,Superintendent of Public Instruction,,Mike Schwinden,,,,,Democrat,,Petroleum,ocd-division/country:us/state:mt/county:petroleum,20,,,,,2000
2016-01-30 15:57:28.232000,mt-2000-06-06-primary,2000-06-06 00:00:00,2000-06-06 00:00:00,primary,certified,False,Superintendent of Public Instruction,,Mike Schwinden,,,,,Democrat,,Park,ocd-division/country:us/state:mt/county:park,349,,,,,2000
2016-01-30 15:57:28.232000,mt-2000-06-06-primary,2000-06-06 00:00:00,2000-06-06 00:00:00,primary,certified,False,Superintendent of Public Instruction,,Mike Schwinden,,,,,Democrat,,Musselshell,ocd-division/country:us/state:mt/county:musselshell,99,,,,,2000
2016-01-30 15:57:28.232000,mt-2000-06-06-primary,2000-06-06 00:00:00,2000-06-06 00:00:00,primary,certified,False,Superintendent of Public Instruction,,Mike Schwinden,,,,,Democrat,,Missoula,ocd-division/country:us/state:mt/county:missoula,2063,,,,,2000
2016-01-30 15:57:28.232000,mt-2000-06-06-primary,2000-06-06 00:00:00,2000-06-06 00:00:00,primary,certified,False,Superintendent of Public Instruction,,Mike Schwinden,,,,,Democrat,,Mineral,ocd-division/country:us/state:mt/county:mineral,129,,,,,2000
2016-01-30 15:57:28.232000,mt-2000-06-06-primary,2000-06-06 00:00:00,2000-06-06 00:00:00,primary,certified,False,Superintendent of Public Instruction,,Mike Schwinden,,,,,Democrat,,Meagher,ocd-division/country:us/state:mt/county:meagher,47,,,,,2000
2016-01-30 15:57:28.232000,mt-2000-06-06-primary,2000-06-06 00:00:00,2000-06-06 00:00:00,primary,certified,False,Superintendent of Public Instruction,,Mike Schwinden,,,,,Democrat,,McCone,ocd-division/country:us/state:mt/county:mccone,153,,,,,2000
2016-01-30 15:57:28.232000,mt-2000-06-06-primary,2000-06-06 00:00:00,2000-06-06 00:00:00,primary,certified,False,Superintendent of Public Instruction,,Mike Schwinden,,,,,Democrat,,Madison,ocd-division/country:us/state:mt/county:madison,119,,,,,2000
2016-01-30 15:57:28.232000,mt-2000-06-06-primary,2000-06-06 00:00:00,2000-06-06 00:00:00,primary,certified,False,Superintendent of Public Instruction,,Mike Schwinden,,,,,Democrat,,Lincoln,ocd-division/country:us/state:mt/county:lincoln,372,,,,,2000
2016-01-30 15:57:28.232000,mt-2000-06-06-primary,2000-06-06 00:00:00,2000-06-06 00:00:00,primary,certified,False,Superintendent of Public Instruction,,Mike Schwinden,,,,,Democrat,,Liberty,ocd-division/country:us/state:mt/county:liberty,95,,,,,2000
2016-01-30 15:57:28.232000,mt-2000-06-06-primary,2000-06-06 00:00:00,2000-06-06 00:00:00,primary,certified,False,Superintendent of Public Instruction,,Mike Schwinden,,,,,Democrat,,Lewis & Clark,ocd-division/country:us/state:mt/county:lewis_and_clark,2711,,,,,2000
2016-01-30 15:57:28.232000,mt-2000-06-06-primary,2000-06-06 00:00:00,2000-06-06 00:00:00,primary,certified,False,Superintendent of Public Instruction,,Mike Schwinden,,,,,Democrat,,Lake,ocd-division/country:us/state:mt/county:lake,567,,,,,2000
2016-01-30 15:57:28.232000,mt-2000-06-06-primary,2000-06-06 00:00:00,2000-06-06 00:00:00,primary,certified,False,Superintendent of Public Instruction,,Mike Schwinden,,,,,Democrat,,Judith Basin,ocd-division/country:us/state:mt/county:judith_basin,167,,,,,2000
2016-01-30 15:57:28.232000,mt-2000-06-06-primary,2000-06-06 00:00:00,2000-06-06 00:00:00,primary,certified,False,Superintendent of Public Instruction,,Mike Schwinden,,,,,Democrat,,Jefferson,ocd-division/country:us/state:mt/county:jefferson,358,,,,,2000
2016-01-30 15:57:28.232000,mt-2000-06-06-primary,2000-06-06 00:00:00,2000-06-06 00:00:00,primary,certified,False,Superintendent of Public Instruction,,Mike Schwinden,,,,,Democrat,,Hill,ocd-division/country:us/state:mt/county:hill,774,,,,,2000
2016-01-30 15:57:28.232000,mt-2000-06-06-primary,2000-06-06 00:00:00,2000-06-06 00:00:00,primary,certified,False,Superintendent of Public Instruction,,Mike Schwinden,,,,,Democrat,,Granite,ocd-division/country:us/state:mt/county:granite,53,,,,,2000
2016-01-30 15:57:28.232000,mt-2000-06-06-primary,2000-06-06 00:00:00,2000-06-06 00:00:00,primary,certified,False,Superintendent of Public Instruction,,Mike Schwinden,,,,,Democrat,,Golden Valley,ocd-division/country:us/state:mt/county:golden_valley,27,,,,,2000
2016-01-30 15:57:28.232000,mt-2000-06-06-primary,2000-06-06 00:00:00,2000-06-06 00:00:00,primary,certified,False,Superintendent of Public Instruction,,Mike Schwinden,,,,,Democrat,,Glacier,ocd-division/country:us/state:mt/county:glacier,384,,,,,2000
2016-01-30 15:57:28.232000,mt-2000-06-06-primary,2000-06-06 00:00:00,2000-06-06 00:00:00,primary,certified,False,Superintendent of Public Instruction,,Mike Schwinden,,,,,Democrat,,Garfield,ocd-division/country:us/state:mt/county:garfield,25,,,,,2000
2016-01-30 15:57:28.232000,mt-2000-06-06-primary,2000-06-06 00:00:00,2000-06-06 00:00:00,primary,certified,False,Superintendent of Public Instruction,,Mike Schwinden,,,,,Democrat,,Gallatin,ocd-division/country:us/state:mt/county:gallatin,863,,,,,2000
2016-01-30 15:57:28.232000,mt-2000-06-06-primary,2000-06-06 00:00:00,2000-06-06 00:00:00,primary,certified,False,Superintendent of Public Instruction,,Mike Schwinden,,,,,Democrat,,Flathead,ocd-division/country:us/state:mt/county:flathead,1324,,,,,2000
2016-01-30 15:57:28.232000,mt-2000-06-06-primary,2000-06-06 00:00:00,2000-06-06 00:00:00,primary,certified,False,Superintendent of Public Instruction,,Mike Schwinden,,,,,Democrat,,Fergus,ocd-division/country:us/state:mt/county:fergus,514,,,,,2000
2016-01-30 15:57:28.232000,mt-2000-06-06-primary,2000-06-06 00:00:00,2000-06-06 00:00:00,primary,certified,False,Superintendent of Public Instruction,,Mike Schwinden,,,,,Democrat,,Fallon,ocd-division/country:us/state:mt/county:fallon,102,,,,,2000
2016-01-30 15:57:28.232000,mt-2000-06-06-primary,2000-06-06 00:00:00,2000-06-06 00:00:00,primary,certified,False,Superintendent of Public Instruction,,Mike Schwinden,,,,,Democrat,,Deer Lodge,ocd-division/country:us/state:mt/county:deer_lodge,667,,,,,2000
2016-01-30 15:57:28.232000,mt-2000-06-06-primary,2000-06-06 00:00:00,2000-06-06 00:00:00,primary,certified,False,Superintendent of Public Instruction,,Mike Schwinden,,,,,Democrat,,Dawson,ocd-division/country:us/state:mt/county:dawson,344,,,,,2000
2016-01-30 15:57:28.232000,mt-2000-06-06-primary,2000-06-06 00:00:00,2000-06-06 00:00:00,primary,certified,False,Superintendent of Public Instruction,,Mike Schwinden,,,,,Democrat,,Daniels,ocd-division/country:us/state:mt/county:daniels,85,,,,,2000
2016-01-30 15:57:28.232000,mt-2000-06-06-primary,2000-06-06 00:00:00,2000-06-06 00:00:00,primary,certified,False,Superintendent of Public Instruction,,Mike Schwinden,,,,,Democrat,,Custer,ocd-division/country:us/state:mt/county:custer,271,,,,,2000
2016-01-30 15:57:28.232000,mt-2000-06-06-primary,2000-06-06 00:00:00,2000-06-06 00:00:00,primary,certified,False,Superintendent of Public Instruction,,Mike Schwinden,,,,,Democrat,,Chouteau,ocd-division/country:us/state:mt/county:chouteau,249,,,,,2000
2016-01-30 15:57:28.232000,mt-2000-06-06-primary,2000-06-06 00:00:00,2000-06-06 00:00:00,primary,certified,False,Superintendent of Public Instruction,,Mike Schwinden,,,,,Democrat,,Cascade,ocd-division/country:us/state:mt/county:cascade,5118,,,,,2000
2016-01-30 15:57:28.232000,mt-2000-06-06-primary,2000-06-06 00:00:00,2000-06-06 00:00:00,primary,certified,False,Superintendent of Public Instruction,,Mike Schwinden,,,,,Democrat,,Carter,ocd-division/country:us/state:mt/county:carter,19,,,,,2000
2016-01-30 15:57:28.232000,mt-2000-06-06-primary,2000-06-06 00:00:00,2000-06-06 00:00:00,primary,certified,False,Superintendent of Public Instruction,,Mike Schwinden,,,,,Democrat,,Carbon,ocd-division/country:us/state:mt/county:carbon,298,,,,,2000
2016-01-30 15:57:28.232000,mt-2000-06-06-primary,2000-06-06 00:00:00,2000-06-06 00:00:00,primary,certified,False,Superintendent of Public Instruction,,Mike Schwinden,,,,,Democrat,,Broadwater,ocd-division/country:us/state:mt/county:broadwater,141,,,,,2000
2016-01-30 15:57:28.232000,mt-2000-06-06-primary,2000-06-06 00:00:00,2000-06-06 00:00:00,primary,certified,False,Superintendent of Public Instruction,,Mike Schwinden,,,,,Democrat,,Blaine,ocd-division/country:us/state:mt/county:blaine,263,,,,,2000
2016-01-30 15:57:28.232000,mt-2000-06-06-primary,2000-06-06 00:00:00,2000-06-06 00:00:00,primary,certified,False,Superintendent of Public Instruction,,Mike Schwinden,,,,,Democrat,,Big Horn,ocd-division/country:us/state:mt/county:big_horn,283,,,,,2000
2016-01-30 15:57:28.232000,mt-2000-06-06-primary,2000-06-06 00:00:00,2000-06-06 00:00:00,primary,certified,False,Superintendent of Public Instruction,,Mike Schwinden,,,,,Democrat,,Beaverhead,ocd-division/country:us/state:mt/county:beaverhead,120,,,,,2000
2016-01-30 15:57:28.232000,mt-2000-06-06-primary,2000-06-06 00:00:00,2000-06-06 00:00:00,primary,certified,False,Superintendent of Public Instruction,,Linda McCulloch,,,,,Democrat,,Yellowstone,ocd-division/country:us/state:mt/county:yellowstone,3521,,,,,2000
2016-01-30 15:57:28.232000,mt-2000-06-06-primary,2000-06-06 00:00:00,2000-06-06 00:00:00,primary,certified,False,Superintendent of Public Instruction,,Linda McCulloch,,,,,Democrat,,Wibaux,ocd-division/country:us/state:mt/county:wibaux,46,,,,,2000
2016-01-30 15:57:28.232000,mt-2000-06-06-primary,2000-06-06 00:00:00,2000-06-06 00:00:00,primary,certified,False,Superintendent of Public Instruction,,Linda McCulloch,,,,,Democrat,,Wheatland,ocd-division/country:us/state:mt/county:wheatland,51,,,,,2000
2016-01-30 15:57:28.232000,mt-2000-06-06-primary,2000-06-06 00:00:00,2000-06-06 00:00:00,primary,certified,False,Superintendent of Public Instruction,,Linda McCulloch,,,,,Democrat,,Valley,ocd-division/country:us/state:mt/county:valley,245,,,,,2000
2016-01-30 15:57:28.232000,mt-2000-06-06-primary,2000-06-06 00:00:00,2000-06-06 00:00:00,primary,certified,False,Superintendent of Public Instruction,,Linda McCulloch,,,,,Democrat,,Treasure,ocd-division/country:us/state:mt/county:treasure,25,,,,,2000
2016-01-30 15:57:28.232000,mt-2000-06-06-primary,2000-06-06 00:00:00,2000-06-06 00:00:00,primary,certified,False,Superintendent of Public Instruction,,Linda McCulloch,,,,,Democrat,,Toole,ocd-division/country:us/state:mt/county:toole,90,,,,,2000
2016-01-30 15:57:28.232000,mt-2000-06-06-primary,2000-06-06 00:00:00,2000-06-06 00:00:00,primary,certified,False,Superintendent of Public Instruction,,Linda McCulloch,,,,,Democrat,,Teton,ocd-division/country:us/state:mt/county:teton,163,,,,,2000
2016-01-30 15:57:28.232000,mt-2000-06-06-primary,2000-06-06 00:00:00,2000-06-06 00:00:00,primary,certified,False,Superintendent of Public Instruction,,Linda McCulloch,,,,,Democrat,,Sweet Grass,ocd-division/country:us/state:mt/county:sweet_grass,46,,,,,2000
2016-01-30 15:57:28.232000,mt-2000-06-06-primary,2000-06-06 00:00:00,2000-06-06 00:00:00,primary,certified,False,Superintendent of Public Instruction,,Linda McCulloch,,,,,Democrat,,Stillwater,ocd-division/country:us/state:mt/county:stillwater,220,,,,,2000
2016-01-30 15:57:28.232000,mt-2000-06-06-primary,2000-06-06 00:00:00,2000-06-06 00:00:00,primary,certified,False,Superintendent of Public Instruction,,Linda McCulloch,,,,,Democrat,,Silver Bow,ocd-division/country:us/state:mt/county:silver_bow,2915,,,,,2000
2016-01-30 15:57:28.232000,mt-2000-06-06-primary,2000-06-06 00:00:00,2000-06-06 00:00:00,primary,certified,False,Superintendent of Public Instruction,,Linda McCulloch,,,,,Democrat,,Sheridan,ocd-division/country:us/state:mt/county:sheridan,106,,,,,2000
2016-01-30 15:57:28.232000,mt-2000-06-06-primary,2000-06-06 00:00:00,2000-06-06 00:00:00,primary,certified,False,Superintendent of Public Instruction,,Linda McCulloch,,,,,Democrat,,Sanders,ocd-division/country:us/state:mt/county:sanders,418,,,,,2000
2016-01-30 15:57:28.232000,mt-2000-06-06-primary,2000-06-06 00:00:00,2000-06-06 00:00:00,primary,certified,False,Superintendent of Public Instruction,,Linda McCulloch,,,,,Democrat,,Rosebud,ocd-division/country:us/state:mt/county:rosebud,235,,,,,2000
2016-01-30 15:57:28.232000,mt-2000-06-06-primary,2000-06-06 00:00:00,2000-06-06 00:00:00,primary,certified,False,Superintendent of Public Instruction,,Linda McCulloch,,,,,Democrat,,Roosevelt,ocd-division/country:us/state:mt/county:roosevelt,188,,,,,2000
2016-01-30 15:57:28.232000,mt-2000-06-06-primary,2000-06-06 00:00:00,2000-06-06 00:00:00,primary,certified,False,Superintendent of Public Instruction,,Linda McCulloch,,,,,Democrat,,Richland,ocd-division/country:us/state:mt/county:richland,308,,,,,2000
2016-01-30 15:57:28.232000,mt-2000-06-06-primary,2000-06-06 00:00:00,2000-06-06 00:00:00,primary,certified,False,Superintendent of Public Instruction,,Linda McCulloch,,,,,Democrat,,Ravalli,ocd-division/country:us/state:mt/county:ravalli,1251,,,,,2000
2016-01-30 15:57:28.232000,mt-2000-06-06-primary,2000-06-06 00:00:00,2000-06-06 00:00:00,primary,certified,False,Superintendent of Public Instruction,,Linda McCulloch,,,,,Democrat,,Prairie,ocd-division/country:us/state:mt/county:prairie,29,,,,,2000
2016-01-30 15:57:28.232000,mt-2000-06-06-primary,2000-06-06 00:00:00,2000-06-06 00:00:00,primary,certified,False,Superintendent of Public Instruction,,Linda McCulloch,,,,,Democrat,,Powell,ocd-division/country:us/state:mt/county:powell,132,,,,,2000
2016-01-30 15:57:28.232000,mt-2000-06-06-primary,2000-06-06 00:00:00,2000-06-06 00:00:00,primary,certified,False,Superintendent of Public Instruction,,Linda McCulloch,,,,,Democrat,,Powder River,ocd-division/country:us/state:mt/county:powder_river,13,,,,,2000
2016-01-30 15:57:28.232000,mt-2000-06-06-primary,2000-06-06 00:00:00,2000-06-06 00:00:00,primary,certified,False,Superintendent of Public Instruction,,Linda McCulloch,,,,,Democrat,,Pondera,ocd-division/country:us/state:mt/county:pondera,176,,,,,2000
2016-01-30 15:57:28.232000,mt-2000-06-06-primary,2000-06-06 00:00:00,2000-06-06 00:00:00,primary,certified,False,Superintendent of Public Instruction,,Linda McCulloch,,,,,Democrat,,Phillips,ocd-division/country:us/state:mt/county:phillips,54,,,,,2000
2016-01-30 15:57:28.232000,mt-2000-06-06-primary,2000-06-06 00:00:00,2000-06-06 00:00:00,primary,certified,False,Superintendent of Public Instruction,,Linda McCulloch,,,,,Democrat,,Petroleum,ocd-division/country:us/state:mt/county:petroleum,7,,,,,2000
2016-01-30 15:57:28.232000,mt-2000-06-06-primary,2000-06-06 00:00:00,2000-06-06 00:00:00,primary,certified,False,Superintendent of Public Instruction,,Linda McCulloch,,,,,Democrat,,Park,ocd-division/country:us/state:mt/county:park,444,,,,,2000
2016-01-30 15:57:28.232000,mt-2000-06-06-primary,2000-06-06 00:00:00,2000-06-06 00:00:00,primary,certified,False,Superintendent of Public Instruction,,Linda McCulloch,,,,,Democrat,,Musselshell,ocd-division/country:us/state:mt/county:musselshell,142,,,,,2000
2016-01-30 15:57:28.232000,mt-2000-06-06-primary,2000-06-06 00:00:00,2000-06-06 00:00:00,primary,certified,False,Superintendent of Public Instruction,,Linda McCulloch,,,,,Democrat,,Missoula,ocd-division/country:us/state:mt/county:missoula,6629,,,,,2000
2016-01-30 15:57:28.232000,mt-2000-06-06-primary,2000-06-06 00:00:00,2000-06-06 00:00:00,primary,certified,False,Superintendent of Public Instruction,,Linda McCulloch,,,,,Democrat,,Mineral,ocd-division/country:us/state:mt/county:mineral,193,,,,,2000
2016-01-30 15:57:28.232000,mt-2000-06-06-primary,2000-06-06 00:00:00,2000-06-06 00:00:00,primary,certified,False,Superintendent of Public Instruction,,Linda McCulloch,,,,,Democrat,,Meagher,ocd-division/country:us/state:mt/county:meagher,34,,,,,2000
2016-01-30 15:57:28.232000,mt-2000-06-06-primary,2000-06-06 00:00:00,2000-06-06 00:00:00,primary,certified,False,Superintendent of Public Instruction,,Linda McCulloch,,,,,Democrat,,McCone,ocd-division/country:us/state:mt/county:mccone,38,,,,,2000
2016-01-30 15:57:28.232000,mt-2000-06-06-primary,2000-06-06 00:00:00,2000-06-06 00:00:00,primary,certified,False,Superintendent of Public Instruction,,Linda McCulloch,,,,,Democrat,,Madison,ocd-division/country:us/state:mt/county:madison,174,,,,,2000
2016-01-30 15:57:28.232000,mt-2000-06-06-primary,2000-06-06 00:00:00,2000-06-06 00:00:00,primary,certified,False,Superintendent of Public Instruction,,Linda McCulloch,,,,,Democrat,,Lincoln,ocd-division/country:us/state:mt/county:lincoln,504,,,,,2000
2016-01-30 15:57:28.232000,mt-2000-06-06-primary,2000-06-06 00:00:00,2000-06-06 00:00:00,primary,certified,False,Superintendent of Public Instruction,,Linda McCulloch,,,,,Democrat,,Liberty,ocd-division/country:us/state:mt/county:liberty,54,,,,,2000
2016-01-30 15:57:28.232000,mt-2000-06-06-primary,2000-06-06 00:00:00,2000-06-06 00:00:00,primary,certified,False,Superintendent of Public Instruction,,Linda McCulloch,,,,,Democrat,,Lewis & Clark,ocd-division/country:us/state:mt/county:lewis_and_clark,2444,,,,,2000
2016-01-30 15:57:28.232000,mt-2000-06-06-primary,2000-06-06 00:00:00,2000-06-06 00:00:00,primary,certified,False,Superintendent of Public Instruction,,Linda McCulloch,,,,,Democrat,,Lake,ocd-division/country:us/state:mt/county:lake,723,,,,,2000
2016-01-30 15:57:28.232000,mt-2000-06-06-primary,2000-06-06 00:00:00,2000-06-06 00:00:00,primary,certified,False,Superintendent of Public Instruction,,Linda McCulloch,,,,,Democrat,,Judith Basin,ocd-division/country:us/state:mt/county:judith_basin,71,,,,,2000
2016-01-30 15:57:28.232000,mt-2000-06-06-primary,2000-06-06 00:00:00,2000-06-06 00:00:00,primary,certified,False,Superintendent of Public Instruction,,Linda McCulloch,,,,,Democrat,,Jefferson,ocd-division/country:us/state:mt/county:jefferson,403,,,,,2000
2016-01-30 15:57:28.232000,mt-2000-06-06-primary,2000-06-06 00:00:00,2000-06-06 00:00:00,primary,certified,False,Superintendent of Public Instruction,,Linda McCulloch,,,,,Democrat,,Hill,ocd-division/country:us/state:mt/county:hill,443,,,,,2000
2016-01-30 15:57:28.232000,mt-2000-06-06-primary,2000-06-06 00:00:00,2000-06-06 00:00:00,primary,certified,False,Superintendent of Public Instruction,,Linda McCulloch,,,,,Democrat,,Granite,ocd-division/country:us/state:mt/county:granite,95,,,,,2000
2016-01-30 15:57:28.232000,mt-2000-06-06-primary,2000-06-06 00:00:00,2000-06-06 00:00:00,primary,certified,False,Superintendent of Public Instruction,,Linda McCulloch,,,,,Democrat,,Golden Valley,ocd-division/country:us/state:mt/county:golden_valley,24,,,,,2000
2016-01-30 15:57:28.232000,mt-2000-06-06-primary,2000-06-06 00:00:00,2000-06-06 00:00:00,primary,certified,False,Superintendent of Public Instruction,,Linda McCulloch,,,,,Democrat,,Glacier,ocd-division/country:us/state:mt/county:glacier,301,,,,,2000
2016-01-30 15:57:28.232000,mt-2000-06-06-primary,2000-06-06 00:00:00,2000-06-06 00:00:00,primary,certified,False,Superintendent of Public Instruction,,Linda McCulloch,,,,,Democrat,,Garfield,ocd-division/country:us/state:mt/county:garfield,16,,,,,2000
2016-01-30 15:57:28.232000,mt-2000-06-06-primary,2000-06-06 00:00:00,2000-06-06 00:00:00,primary,certified,False,Superintendent of Public Instruction,,Linda McCulloch,,,,,Democrat,,Gallatin,ocd-division/country:us/state:mt/county:gallatin,1466,,,,,2000
2016-01-30 15:57:28.232000,mt-2000-06-06-primary,2000-06-06 00:00:00,2000-06-06 00:00:00,primary,certified,False,Superintendent of Public Instruction,,Linda McCulloch,,,,,Democrat,,Flathead,ocd-division/country:us/state:mt/county:flathead,1870,,,,,2000
2016-01-30 15:57:28.232000,mt-2000-06-06-primary,2000-06-06 00:00:00,2000-06-06 00:00:00,primary,certified,False,Superintendent of Public Instruction,,Linda McCulloch,,,,,Democrat,,Fergus,ocd-division/country:us/state:mt/county:fergus,319,,,,,2000
2016-01-30 15:57:28.232000,mt-2000-06-06-primary,2000-06-06 00:00:00,2000-06-06 00:00:00,primary,certified,False,Superintendent of Public Instruction,,Linda McCulloch,,,,,Democrat,,Fallon,ocd-division/country:us/state:mt/county:fallon,60,,,,,2000
2016-01-30 15:57:28.232000,mt-2000-06-06-primary,2000-06-06 00:00:00,2000-06-06 00:00:00,primary,certified,False,Superintendent of Public Instruction,,Linda McCulloch,,,,,Democrat,,Deer Lodge,ocd-division/country:us/state:mt/county:deer_lodge,1080,,,,,2000
2016-01-30 15:57:28.232000,mt-2000-06-06-primary,2000-06-06 00:00:00,2000-06-06 00:00:00,primary,certified,False,Superintendent of Public Instruction,,Linda McCulloch,,,,,Democrat,,Dawson,ocd-division/country:us/state:mt/county:dawson,279,,,,,2000
2016-01-30 15:57:28.232000,mt-2000-06-06-primary,2000-06-06 00:00:00,2000-06-06 00:00:00,primary,certified,False,Superintendent of Public Instruction,,Linda McCulloch,,,,,Democrat,,Daniels,ocd-division/country:us/state:mt/county:daniels,38,,,,,2000
2016-01-30 15:57:28.232000,mt-2000-06-06-primary,2000-06-06 00:00:00,2000-06-06 00:00:00,primary,certified,False,Superintendent of Public Instruction,,Linda McCulloch,,,,,Democrat,,Custer,ocd-division/country:us/state:mt/county:custer,341,,,,,2000
2016-01-30 15:57:28.232000,mt-2000-06-06-primary,2000-06-06 00:00:00,2000-06-06 00:00:00,primary,certified,False,Superintendent of Public Instruction,,Linda McCulloch,,,,,Democrat,,Chouteau,ocd-division/country:us/state:mt/county:chouteau,133,,,,,2000
2016-01-30 15:57:28.232000,mt-2000-06-06-primary,2000-06-06 00:00:00,2000-06-06 00:00:00,primary,certified,False,Superintendent of Public Instruction,,Linda McCulloch,,,,,Democrat,,Cascade,ocd-division/country:us/state:mt/county:cascade,1891,,,,,2000
2016-01-30 15:57:28.232000,mt-2000-06-06-primary,2000-06-06 00:00:00,2000-06-06 00:00:00,primary,certified,False,Superintendent of Public Instruction,,Linda McCulloch,,,,,Democrat,,Carter,ocd-division/country:us/state:mt/county:carter,14,,,,,2000
2016-01-30 15:57:28.232000,mt-2000-06-06-primary,2000-06-06 00:00:00,2000-06-06 00:00:00,primary,certified,False,Superintendent of Public Instruction,,Linda McCulloch,,,,,Democrat,,Carbon,ocd-division/country:us/state:mt/county:carbon,286,,,,,2000
2016-01-30 15:57:28.232000,mt-2000-06-06-primary,2000-06-06 00:00:00,2000-06-06 00:00:00,primary,certified,False,Superintendent of Public Instruction,,Linda McCulloch,,,,,Democrat,,Broadwater,ocd-division/country:us/state:mt/county:broadwater,161,,,,,2000
2016-01-30 15:57:28.232000,mt-2000-06-06-primary,2000-06-06 00:00:00,2000-06-06 00:00:00,primary,certified,False,Superintendent of Public Instruction,,Linda McCulloch,,,,,Democrat,,Blaine,ocd-division/country:us/state:mt/county:blaine,146,,,,,2000
2016-01-30 15:57:28.232000,mt-2000-06-06-primary,2000-06-06 00:00:00,2000-06-06 00:00:00,primary,certified,False,Superintendent of Public Instruction,,Linda McCulloch,,,,,Democrat,,Big Horn,ocd-division/country:us/state:mt/county:big_horn,363,,,,,2000
2016-01-30 15:57:28.232000,mt-2000-06-06-primary,2000-06-06 00:00:00,2000-06-06 00:00:00,primary,certified,False,Superintendent of Public Instruction,,Linda McCulloch,,,,,Democrat,,Beaverhead,ocd-division/country:us/state:mt/county:beaverhead,154,,,,,2000
2016-01-30 15:57:28.232000,mt-2000-06-06-primary,2000-06-06 00:00:00,2000-06-06 00:00:00,primary,certified,False,Superintendent of Public Instruction,,Gail Gray,,,,,Democrat,,Yellowstone,ocd-division/country:us/state:mt/county:yellowstone,3844,,,,,2000
2016-01-30 15:57:28.232000,mt-2000-06-06-primary,2000-06-06 00:00:00,2000-06-06 00:00:00,primary,certified,False,Superintendent of Public Instruction,,Gail Gray,,,,,Democrat,,Wibaux,ocd-division/country:us/state:mt/county:wibaux,36,,,,,2000
2016-01-30 15:57:28.232000,mt-2000-06-06-primary,2000-06-06 00:00:00,2000-06-06 00:00:00,primary,certified,False,Superintendent of Public Instruction,,Gail Gray,,,,,Democrat,,Wheatland,ocd-division/country:us/state:mt/county:wheatland,57,,,,,2000
2016-01-30 15:57:28.232000,mt-2000-06-06-primary,2000-06-06 00:00:00,2000-06-06 00:00:00,primary,certified,False,Superintendent of Public Instruction,,Gail Gray,,,,,Democrat,,Valley,ocd-division/country:us/state:mt/county:valley,163,,,,,2000
2016-01-30 15:57:28.232000,mt-2000-06-06-primary,2000-06-06 00:00:00,2000-06-06 00:00:00,primary,certified,False,Superintendent of Public Instruction,,Gail Gray,,,,,Democrat,,Treasure,ocd-division/country:us/state:mt/county:treasure,37,,,,,2000
2016-01-30 15:57:28.232000,mt-2000-06-06-primary,2000-06-06 00:00:00,2000-06-06 00:00:00,primary,certified,False,Superintendent of Public Instruction,,Gail Gray,,,,,Democrat,,Toole,ocd-division/country:us/state:mt/county:toole,179,,,,,2000
2016-01-30 15:57:28.232000,mt-2000-06-06-primary,2000-06-06 00:00:00,2000-06-06 00:00:00,primary,certified,False,Superintendent of Public Instruction,,Gail Gray,,,,,Democrat,,Teton,ocd-division/country:us/state:mt/county:teton,180,,,,,2000
2016-01-30 15:57:28.232000,mt-2000-06-06-primary,2000-06-06 00:00:00,2000-06-06 00:00:00,primary,certified,False,Superintendent of Public Instruction,,Gail Gray,,,,,Democrat,,Sweet Grass,ocd-division/country:us/state:mt/county:sweet_grass,47,,,,,2000
2016-01-30 15:57:28.232000,mt-2000-06-06-primary,2000-06-06 00:00:00,2000-06-06 00:00:00,primary,certified,False,Superintendent of Public Instruction,,Gail Gray,,,,,Democrat,,Stillwater,ocd-division/country:us/state:mt/county:stillwater,202,,,,,2000
2016-01-30 15:57:28.232000,mt-2000-06-06-primary,2000-06-06 00:00:00,2000-06-06 00:00:00,primary,certified,False,Superintendent of Public Instruction,,Gail Gray,,,,,Democrat,,Silver Bow,ocd-division/country:us/state:mt/county:silver_bow,3777,,,,,2000
2016-01-30 15:57:28.232000,mt-2000-06-06-primary,2000-06-06 00:00:00,2000-06-06 00:00:00,primary,certified,False,Superintendent of Public Instruction,,Gail Gray,,,,,Democrat,,Sheridan,ocd-division/country:us/state:mt/county:sheridan,56,,,,,2000
2016-01-30 15:57:28.232000,mt-2000-06-06-primary,2000-06-06 00:00:00,2000-06-06 00:00:00,primary,certified,False,Superintendent of Public Instruction,,Gail Gray,,,,,Democrat,,Sanders,ocd-division/country:us/state:mt/county:sanders,201,,,,,2000
2016-01-30 15:57:28.232000,mt-2000-06-06-primary,2000-06-06 00:00:00,2000-06-06 00:00:00,primary,certified,False,Superintendent of Public Instruction,,Gail Gray,,,,,Democrat,,Rosebud,ocd-division/country:us/state:mt/county:rosebud,228,,,,,2000
2016-01-30 15:57:28.232000,mt-2000-06-06-primary,2000-06-06 00:00:00,2000-06-06 00:00:00,primary,certified,False,Superintendent of Public Instruction,,Gail Gray,,,,,Democrat,,Roosevelt,ocd-division/country:us/state:mt/county:roosevelt,189,,,,,2000
2016-01-30 15:57:28.232000,mt-2000-06-06-primary,2000-06-06 00:00:00,2000-06-06 00:00:00,primary,certified,False,Superintendent of Public Instruction,,Gail Gray,,,,,Democrat,,Richland,ocd-division/country:us/state:mt/county:richland,107,,,,,2000
2016-01-30 15:57:28.232000,mt-2000-06-06-primary,2000-06-06 00:00:00,2000-06-06 00:00:00,primary,certified,False,Superintendent of Public Instruction,,Gail Gray,,,,,Democrat,,Ravalli,ocd-division/country:us/state:mt/county:ravalli,464,,,,,2000
2016-01-30 15:57:28.232000,mt-2000-06-06-primary,2000-06-06 00:00:00,2000-06-06 00:00:00,primary,certified,False,Superintendent of Public Instruction,,Gail Gray,,,,,Democrat,,Prairie,ocd-division/country:us/state:mt/county:prairie,30,,,,,2000
2016-01-30 15:57:28.232000,mt-2000-06-06-primary,2000-06-06 00:00:00,2000-06-06 00:00:00,primary,certified,False,Superintendent of Public Instruction,,Gail Gray,,,,,Democrat,,Powell,ocd-division/country:us/state:mt/county:powell,289,,,,,2000
2016-01-30 15:57:28.232000,mt-2000-06-06-primary,2000-06-06 00:00:00,2000-06-06 00:00:00,primary,certified,False,Superintendent of Public Instruction,,Gail Gray,,,,,Democrat,,Powder River,ocd-division/country:us/state:mt/county:powder_river,13,,,,,2000
2016-01-30 15:57:28.232000,mt-2000-06-06-primary,2000-06-06 00:00:00,2000-06-06 00:00:00,primary,certified,False,Superintendent of Public Instruction,,Gail Gray,,,,,Democrat,,Pondera,ocd-division/country:us/state:mt/county:pondera,236,,,,,2000
2016-01-30 15:57:28.232000,mt-2000-06-06-primary,2000-06-06 00:00:00,2000-06-06 00:00:00,primary,certified,False,Superintendent of Public Instruction,,Gail Gray,,,,,Democrat,,Phillips,ocd-division/country:us/state:mt/county:phillips,53,,,,,2000
2016-01-30 15:57:28.232000,mt-2000-06-06-primary,2000-06-06 00:00:00,2000-06-06 00:00:00,primary,certified,False,Superintendent of Public Instruction,,Gail Gray,,,,,Democrat,,Petroleum,ocd-division/country:us/state:mt/county:petroleum,8,,,,,2000
2016-01-30 15:57:28.232000,mt-2000-06-06-primary,2000-06-06 00:00:00,2000-06-06 00:00:00,primary,certified,False,Superintendent of Public Instruction,,Gail Gray,,,,,Democrat,,Park,ocd-division/country:us/state:mt/county:park,328,,,,,2000
2016-01-30 15:57:28.232000,mt-2000-06-06-primary,2000-06-06 00:00:00,2000-06-06 00:00:00,primary,certified,False,Superintendent of Public Instruction,,Gail Gray,,,,,Democrat,,Musselshell,ocd-division/country:us/state:mt/county:musselshell,104,,,,,2000
2016-01-30 15:57:28.232000,mt-2000-06-06-primary,2000-06-06 00:00:00,2000-06-06 00:00:00,primary,certified,False,Superintendent of Public Instruction,,Gail Gray,,,,,Democrat,,Missoula,ocd-division/country:us/state:mt/county:missoula,2799,,,,,2000
2016-01-30 15:57:28.232000,mt-2000-06-06-primary,2000-06-06 00:00:00,2000-06-06 00:00:00,primary,certified,False,Superintendent of Public Instruction,,Gail Gray,,,,,Democrat,,Mineral,ocd-division/country:us/state:mt/county:mineral,92,,,,,2000
2016-01-30 15:57:28.232000,mt-2000-06-06-primary,2000-06-06 00:00:00,2000-06-06 00:00:00,primary,certified,False,Superintendent of Public Instruction,,Gail Gray,,,,,Democrat,,Meagher,ocd-division/country:us/state:mt/county:meagher,63,,,,,2000
2016-01-30 15:57:28.232000,mt-2000-06-06-primary,2000-06-06 00:00:00,2000-06-06 00:00:00,primary,certified,False,Superintendent of Public Instruction,,Gail Gray,,,,,Democrat,,McCone,ocd-division/country:us/state:mt/county:mccone,45,,,,,2000
2016-01-30 15:57:28.232000,mt-2000-06-06-primary,2000-06-06 00:00:00,2000-06-06 00:00:00,primary,certified,False,Superintendent of Public Instruction,,Gail Gray,,,,,Democrat,,Madison,ocd-division/country:us/state:mt/county:madison,161,,,,,2000
2016-01-30 15:57:28.232000,mt-2000-06-06-primary,2000-06-06 00:00:00,2000-06-06 00:00:00,primary,certified,False,Superintendent of Public Instruction,,Gail Gray,,,,,Democrat,,Lincoln,ocd-division/country:us/state:mt/county:lincoln,278,,,,,2000
2016-01-30 15:57:28.232000,mt-2000-06-06-primary,2000-06-06 00:00:00,2000-06-06 00:00:00,primary,certified,False,Superintendent of Public Instruction,,Gail Gray,,,,,Democrat,,Liberty,ocd-division/country:us/state:mt/county:liberty,62,,,,,2000
2016-01-30 15:57:28.232000,mt-2000-06-06-primary,2000-06-06 00:00:00,2000-06-06 00:00:00,primary,certified,False,Superintendent of Public Instruction,,Gail Gray,,,,,Democrat,,Lewis & Clark,ocd-division/country:us/state:mt/county:lewis_and_clark,5512,,,,,2000
2016-01-30 15:57:28.232000,mt-2000-06-06-primary,2000-06-06 00:00:00,2000-06-06 00:00:00,primary,certified,False,Superintendent of Public Instruction,,Gail Gray,,,,,Democrat,,Lake,ocd-division/country:us/state:mt/county:lake,464,,,,,2000
2016-01-30 15:57:28.232000,mt-2000-06-06-primary,2000-06-06 00:00:00,2000-06-06 00:00:00,primary,certified,False,Superintendent of Public Instruction,,Gail Gray,,,,,Democrat,,Judith Basin,ocd-division/country:us/state:mt/county:judith_basin,51,,,,,2000
2016-01-30 15:57:28.232000,mt-2000-06-06-primary,2000-06-06 00:00:00,2000-06-06 00:00:00,primary,certified,False,Superintendent of Public Instruction,,Gail Gray,,,,,Democrat,,Jefferson,ocd-division/country:us/state:mt/county:jefferson,649,,,,,2000
2016-01-30 15:57:28.232000,mt-2000-06-06-primary,2000-06-06 00:00:00,2000-06-06 00:00:00,primary,certified,False,Superintendent of Public Instruction,,Gail Gray,,,,,Democrat,,Hill,ocd-division/country:us/state:mt/county:hill,1010,,,,,2000
2016-01-30 15:57:28.232000,mt-2000-06-06-primary,2000-06-06 00:00:00,2000-06-06 00:00:00,primary,certified,False,Superintendent of Public Instruction,,Gail Gray,,,,,Democrat,,Granite,ocd-division/country:us/state:mt/county:granite,61,,,,,2000
2016-01-30 15:57:28.232000,mt-2000-06-06-primary,2000-06-06 00:00:00,2000-06-06 00:00:00,primary,certified,False,Superintendent of Public Instruction,,Gail Gray,,,,,Democrat,,Golden Valley,ocd-division/country:us/state:mt/county:golden_valley,19,,,,,2000
2016-01-30 15:57:28.232000,mt-2000-06-06-primary,2000-06-06 00:00:00,2000-06-06 00:00:00,primary,certified,False,Superintendent of Public Instruction,,Gail Gray,,,,,Democrat,,Glacier,ocd-division/country:us/state:mt/county:glacier,1041,,,,,2000
2016-01-30 15:57:28.232000,mt-2000-06-06-primary,2000-06-06 00:00:00,2000-06-06 00:00:00,primary,certified,False,Superintendent of Public Instruction,,Gail Gray,,,,,Democrat,,Garfield,ocd-division/country:us/state:mt/county:garfield,14,,,,,2000
2016-01-30 15:57:28.232000,mt-2000-06-06-primary,2000-06-06 00:00:00,2000-06-06 00:00:00,primary,certified,False,Superintendent of Public Instruction,,Gail Gray,,,,,Democrat,,Gallatin,ocd-division/country:us/state:mt/county:gallatin,1147,,,,,2000
2016-01-30 15:57:28.232000,mt-2000-06-06-primary,2000-06-06 00:00:00,2000-06-06 00:00:00,primary,certified,False,Superintendent of Public Instruction,,Gail Gray,,,,,Democrat,,Flathead,ocd-division/country:us/state:mt/county:flathead,1506,,,,,2000
2016-01-30 15:57:28.232000,mt-2000-06-06-primary,2000-06-06 00:00:00,2000-06-06 00:00:00,primary,certified,False,Superintendent of Public Instruction,,Gail Gray,,,,,Democrat,,Fergus,ocd-division/country:us/state:mt/county:fergus,282,,,,,2000
2016-01-30 15:57:28.232000,mt-2000-06-06-primary,2000-06-06 00:00:00,2000-06-06 00:00:00,primary,certified,False,Superintendent of Public Instruction,,Gail Gray,,,,,Democrat,,Fallon,ocd-division/country:us/state:mt/county:fallon,53,,,,,2000
2016-01-30 15:57:28.232000,mt-2000-06-06-primary,2000-06-06 00:00:00,2000-06-06 00:00:00,primary,certified,False,Superintendent of Public Instruction,,Gail Gray,,,,,Democrat,,Deer Lodge,ocd-division/country:us/state:mt/county:deer_lodge,1006,,,,,2000
2016-01-30 15:57:28.232000,mt-2000-06-06-primary,2000-06-06 00:00:00,2000-06-06 00:00:00,primary,certified,False,Superintendent of Public Instruction,,Gail Gray,,,,,Democrat,,Dawson,ocd-division/country:us/state:mt/county:dawson,159,,,,,2000
2016-01-30 15:57:28.232000,mt-2000-06-06-primary,2000-06-06 00:00:00,2000-06-06 00:00:00,primary,certified,False,Superintendent of Public Instruction,,Gail Gray,,,,,Democrat,,Daniels,ocd-division/country:us/state:mt/county:daniels,19,,,,,2000
2016-01-30 15:57:28.232000,mt-2000-06-06-primary,2000-06-06 00:00:00,2000-06-06 00:00:00,primary,certified,False,Superintendent of Public Instruction,,Gail Gray,,,,,Democrat,,Custer,ocd-division/country:us/state:mt/county:custer,486,,,,,2000
2016-01-30 15:57:28.232000,mt-2000-06-06-primary,2000-06-06 00:00:00,2000-06-06 00:00:00,primary,certified,False,Superintendent of Public Instruction,,Gail Gray,,,,,Democrat,,Chouteau,ocd-division/country:us/state:mt/county:chouteau,118,,,,,2000
2016-01-30 15:57:28.232000,mt-2000-06-06-primary,2000-06-06 00:00:00,2000-06-06 00:00:00,primary,certified,False,Superintendent of Public Instruction,,Gail Gray,,,,,Democrat,,Cascade,ocd-division/country:us/state:mt/county:cascade,2406,,,,,2000
2016-01-30 15:57:28.232000,mt-2000-06-06-primary,2000-06-06 00:00:00,2000-06-06 00:00:00,primary,certified,False,Superintendent of Public Instruction,,Gail Gray,,,,,Democrat,,Carter,ocd-division/country:us/state:mt/county:carter,15,,,,,2000
2016-01-30 15:57:28.232000,mt-2000-06-06-primary,2000-06-06 00:00:00,2000-06-06 00:00:00,primary,certified,False,Superintendent of Public Instruction,,Gail Gray,,,,,Democrat,,Carbon,ocd-division/country:us/state:mt/county:carbon,320,,,,,2000
2016-01-30 15:57:28.232000,mt-2000-06-06-primary,2000-06-06 00:00:00,2000-06-06 00:00:00,primary,certified,False,Superintendent of Public Instruction,,Gail Gray,,,,,Democrat,,Broadwater,ocd-division/country:us/state:mt/county:broadwater,143,,,,,2000
2016-01-30 15:57:28.232000,mt-2000-06-06-primary,2000-06-06 00:00:00,2000-06-06 00:00:00,primary,certified,False,Superintendent of Public Instruction,,Gail Gray,,,,,Democrat,,Blaine,ocd-division/country:us/state:mt/county:blaine,272,,,,,2000
2016-01-30 15:57:28.232000,mt-2000-06-06-primary,2000-06-06 00:00:00,2000-06-06 00:00:00,primary,certified,False,Superintendent of Public Instruction,,Gail Gray,,,,,Democrat,,Big Horn,ocd-division/country:us/state:mt/county:big_horn,282,,,,,2000
2016-01-30 15:57:28.232000,mt-2000-06-06-primary,2000-06-06 00:00:00,2000-06-06 00:00:00,primary,certified,False,Superintendent of Public Instruction,,Gail Gray,,,,,Democrat,,Beaverhead,ocd-division/country:us/state:mt/county:beaverhead,145,,,,,2000
2016-01-30 15:57:28.232000,mt-2000-06-06-primary,2000-06-06 00:00:00,2000-06-06 00:00:00,primary,certified,False,State Auditor,,Bruce T. Simon,,,,,Republican,,Yellowstone,ocd-division/country:us/state:mt/county:yellowstone,7931,,,,,2000
2016-01-30 15:57:28.232000,mt-2000-06-06-primary,2000-06-06 00:00:00,2000-06-06 00:00:00,primary,certified,False,State Auditor,,Bruce T. Simon,,,,,Republican,,Wibaux,ocd-division/country:us/state:mt/county:wibaux,74,,,,,2000
2016-01-30 15:57:28.232000,mt-2000-06-06-primary,2000-06-06 00:00:00,2000-06-06 00:00:00,primary,certified,False,State Auditor,,Bruce T. Simon,,,,,Republican,,Wheatland,ocd-division/country:us/state:mt/county:wheatland,171,,,,,2000
2016-01-30 15:57:28.232000,mt-2000-06-06-primary,2000-06-06 00:00:00,2000-06-06 00:00:00,primary,certified,False,State Auditor,,Bruce T. Simon,,,,,Republican,,Valley,ocd-division/country:us/state:mt/county:valley,476,,,,,2000
2016-01-30 15:57:28.232000,mt-2000-06-06-primary,2000-06-06 00:00:00,2000-06-06 00:00:00,primary,certified,False,State Auditor,,Bruce T. Simon,,,,,Republican,,Treasure,ocd-division/country:us/state:mt/county:treasure,79,,,,,2000
2016-01-30 15:57:28.232000,mt-2000-06-06-primary,2000-06-06 00:00:00,2000-06-06 00:00:00,primary,certified,False,State Auditor,,Bruce T. Simon,,,,,Republican,,Toole,ocd-division/country:us/state:mt/county:toole,399,,,,,2000
2016-01-30 15:57:28.232000,mt-2000-06-06-primary,2000-06-06 00:00:00,2000-06-06 00:00:00,primary,certified,False,State Auditor,,Bruce T. Simon,,,,,Republican,,Teton,ocd-division/country:us/state:mt/county:teton,546,,,,,2000
2016-01-30 15:57:28.232000,mt-2000-06-06-primary,2000-06-06 00:00:00,2000-06-06 00:00:00,primary,certified,False,State Auditor,,Bruce T. Simon,,,,,Republican,,Sweet Grass,ocd-division/country:us/state:mt/county:sweet_grass,382,,,,,2000
2016-01-30 15:57:28.232000,mt-2000-06-06-primary,2000-06-06 00:00:00,2000-06-06 00:00:00,primary,certified,False,State Auditor,,Bruce T. Simon,,,,,Republican,,Stillwater,ocd-division/country:us/state:mt/county:stillwater,598,,,,,2000
2016-01-30 15:57:28.232000,mt-2000-06-06-primary,2000-06-06 00:00:00,2000-06-06 00:00:00,primary,certified,False,State Auditor,,Bruce T. Simon,,,,,Republican,,Silver Bow,ocd-division/country:us/state:mt/county:silver_bow,1021,,,,,2000
2016-01-30 15:57:28.232000,mt-2000-06-06-primary,2000-06-06 00:00:00,2000-06-06 00:00:00,primary,certified,False,State Auditor,,Bruce T. Simon,,,,,Republican,,Sheridan,ocd-division/country:us/state:mt/county:sheridan,137,,,,,2000
2016-01-30 15:57:28.232000,mt-2000-06-06-primary,2000-06-06 00:00:00,2000-06-06 00:00:00,primary,certified,False,State Auditor,,Bruce T. Simon,,,,,Republican,,Sanders,ocd-division/country:us/state:mt/county:sanders,539,,,,,2000
2016-01-30 15:57:28.232000,mt-2000-06-06-primary,2000-06-06 00:00:00,2000-06-06 00:00:00,primary,certified,False,State Auditor,,Bruce T. Simon,,,,,Republican,,Rosebud,ocd-division/country:us/state:mt/county:rosebud,340,,,,,2000
2016-01-30 15:57:28.232000,mt-2000-06-06-primary,2000-06-06 00:00:00,2000-06-06 00:00:00,primary,certified,False,State Auditor,,Bruce T. Simon,,,,,Republican,,Roosevelt,ocd-division/country:us/state:mt/county:roosevelt,190,,,,,2000
2016-01-30 15:57:28.232000,mt-2000-06-06-primary,2000-06-06 00:00:00,2000-06-06 00:00:00,primary,certified,False,State Auditor,,Bruce T. Simon,,,,,Republican,,Richland,ocd-division/country:us/state:mt/county:richland,464,,,,,2000
2016-01-30 15:57:28.232000,mt-2000-06-06-primary,2000-06-06 00:00:00,2000-06-06 00:00:00,primary,certified,False,State Auditor,,Bruce T. Simon,,,,,Republican,,Ravalli,ocd-division/country:us/state:mt/county:ravalli,2498,,,,,2000
2016-01-30 15:57:28.232000,mt-2000-06-06-primary,2000-06-06 00:00:00,2000-06-06 00:00:00,primary,certified,False,State Auditor,,Bruce T. Simon,,,,,Republican,,Prairie,ocd-division/country:us/state:mt/county:prairie,172,,,,,2000
2016-01-30 15:57:28.232000,mt-2000-06-06-primary,2000-06-06 00:00:00,2000-06-06 00:00:00,primary,certified,False,State Auditor,,Bruce T. Simon,,,,,Republican,,Powell,ocd-division/country:us/state:mt/county:powell,352,,,,,2000
2016-01-30 15:57:28.232000,mt-2000-06-06-primary,2000-06-06 00:00:00,2000-06-06 00:00:00,primary,certified,False,State Auditor,,Bruce T. Simon,,,,,Republican,,Powder River,ocd-division/country:us/state:mt/county:powder_river,190,,,,,2000
2016-01-30 15:57:28.232000,mt-2000-06-06-primary,2000-06-06 00:00:00,2000-06-06 00:00:00,primary,certified,False,State Auditor,,Bruce T. Simon,,,,,Republican,,Pondera,ocd-division/country:us/state:mt/county:pondera,427,,,,,2000
2016-01-30 15:57:28.232000,mt-2000-06-06-primary,2000-06-06 00:00:00,2000-06-06 00:00:00,primary,certified,False,State Auditor,,Bruce T. Simon,,,,,Republican,,Phillips,ocd-division/country:us/state:mt/county:phillips,412,,,,,2000
2016-01-30 15:57:28.232000,mt-2000-06-06-primary,2000-06-06 00:00:00,2000-06-06 00:00:00,primary,certified,False,State Auditor,,Bruce T. Simon,,,,,Republican,,Petroleum,ocd-division/country:us/state:mt/county:petroleum,50,,,,,2000
2016-01-30 15:57:28.232000,mt-2000-06-06-primary,2000-06-06 00:00:00,2000-06-06 00:00:00,primary,certified,False,State Auditor,,Bruce T. Simon,,,,,Republican,,Park,ocd-division/country:us/state:mt/county:park,783,,,,,2000
2016-01-30 15:57:28.232000,mt-2000-06-06-primary,2000-06-06 00:00:00,2000-06-06 00:00:00,primary,certified,False,State Auditor,,Bruce T. Simon,,,,,Republican,,Musselshell,ocd-division/country:us/state:mt/county:musselshell,438,,,,,2000
2016-01-30 15:57:28.232000,mt-2000-06-06-primary,2000-06-06 00:00:00,2000-06-06 00:00:00,primary,certified,False,State Auditor,,Bruce T. Simon,,,,,Republican,,Missoula,ocd-division/country:us/state:mt/county:missoula,3707,,,,,2000
2016-01-30 15:57:28.232000,mt-2000-06-06-primary,2000-06-06 00:00:00,2000-06-06 00:00:00,primary,certified,False,State Auditor,,Bruce T. Simon,,,,,Republican,,Mineral,ocd-division/country:us/state:mt/county:mineral,147,,,,,2000
2016-01-30 15:57:28.232000,mt-2000-06-06-primary,2000-06-06 00:00:00,2000-06-06 00:00:00,primary,certified,False,State Auditor,,Bruce T. Simon,,,,,Republican,,Meagher,ocd-division/country:us/state:mt/county:meagher,151,,,,,2000
2016-01-30 15:57:28.232000,mt-2000-06-06-primary,2000-06-06 00:00:00,2000-06-06 00:00:00,primary,certified,False,State Auditor,,Bruce T. Simon,,,,,Republican,,McCone,ocd-division/country:us/state:mt/county:mccone,182,,,,,2000
2016-01-30 15:57:28.232000,mt-2000-06-06-primary,2000-06-06 00:00:00,2000-06-06 00:00:00,primary,certified,False,State Auditor,,Bruce T. Simon,,,,,Republican,,Madison,ocd-division/country:us/state:mt/county:madison,547,,,,,2000
2016-01-30 15:57:28.232000,mt-2000-06-06-primary,2000-06-06 00:00:00,2000-06-06 00:00:00,primary,certified,False,State Auditor,,Bruce T. Simon,,,,,Republican,,Lincoln,ocd-division/country:us/state:mt/county:lincoln,761,,,,,2000
2016-01-30 15:57:28.232000,mt-2000-06-06-primary,2000-06-06 00:00:00,2000-06-06 00:00:00,primary,certified,False,State Auditor,,Bruce T. Simon,,,,,Republican,,Liberty,ocd-division/country:us/state:mt/county:liberty,147,,,,,2000
2016-01-30 15:57:28.232000,mt-2000-06-06-primary,2000-06-06 00:00:00,2000-06-06 00:00:00,primary,certified,False,State Auditor,,Bruce T. Simon,,,,,Republican,,Lewis & Clark,ocd-division/country:us/state:mt/county:lewis_and_clark,2621,,,,,2000
2016-01-30 15:57:28.232000,mt-2000-06-06-primary,2000-06-06 00:00:00,2000-06-06 00:00:00,primary,certified,False,State Auditor,,Bruce T. Simon,,,,,Republican,,Lake,ocd-division/country:us/state:mt/county:lake,1363,,,,,2000
2016-01-30 15:57:28.232000,mt-2000-06-06-primary,2000-06-06 00:00:00,2000-06-06 00:00:00,primary,certified,False,State Auditor,,Bruce T. Simon,,,,,Republican,,Judith Basin,ocd-division/country:us/state:mt/county:judith_basin,206,,,,,2000
2016-01-30 15:57:28.232000,mt-2000-06-06-primary,2000-06-06 00:00:00,2000-06-06 00:00:00,primary,certified,False,State Auditor,,Bruce T. Simon,,,,,Republican,,Jefferson,ocd-division/country:us/state:mt/county:jefferson,637,,,,,2000
2016-01-30 15:57:28.232000,mt-2000-06-06-primary,2000-06-06 00:00:00,2000-06-06 00:00:00,primary,certified,False,State Auditor,,Bruce T. Simon,,,,,Republican,,Hill,ocd-division/country:us/state:mt/county:hill,522,,,,,2000
2016-01-30 15:57:28.232000,mt-2000-06-06-primary,2000-06-06 00:00:00,2000-06-06 00:00:00,primary,certified,False,State Auditor,,Bruce T. Simon,,,,,Republican,,Granite,ocd-division/country:us/state:mt/county:granite,247,,,,,2000
2016-01-30 15:57:28.232000,mt-2000-06-06-primary,2000-06-06 00:00:00,2000-06-06 00:00:00,primary,certified,False,State Auditor,,Bruce T. Simon,,,,,Republican,,Golden Valley,ocd-division/country:us/state:mt/county:golden_valley,122,,,,,2000
2016-01-30 15:57:28.232000,mt-2000-06-06-primary,2000-06-06 00:00:00,2000-06-06 00:00:00,primary,certified,False,State Auditor,,Bruce T. Simon,,,,,Republican,,Glacier,ocd-division/country:us/state:mt/county:glacier,227,,,,,2000
2016-01-30 15:57:28.232000,mt-2000-06-06-primary,2000-06-06 00:00:00,2000-06-06 00:00:00,primary,certified,False,State Auditor,,Bruce T. Simon,,,,,Republican,,Garfield,ocd-division/country:us/state:mt/county:garfield,118,,,,,2000
2016-01-30 15:57:28.232000,mt-2000-06-06-primary,2000-06-06 00:00:00,2000-06-06 00:00:00,primary,certified,False,State Auditor,,Bruce T. Simon,,,,,Republican,,Gallatin,ocd-division/country:us/state:mt/county:gallatin,2351,,,,,2000
2016-01-30 15:57:28.232000,mt-2000-06-06-primary,2000-06-06 00:00:00,2000-06-06 00:00:00,primary,certified,False,State Auditor,,Bruce T. Simon,,,,,Republican,,Flathead,ocd-division/country:us/state:mt/county:flathead,3955,,,,,2000
2016-01-30 15:57:28.232000,mt-2000-06-06-primary,2000-06-06 00:00:00,2000-06-06 00:00:00,primary,certified,False,State Auditor,,Bruce T. Simon,,,,,Republican,,Fergus,ocd-division/country:us/state:mt/county:fergus,1123,,,,,2000
2016-01-30 15:57:28.232000,mt-2000-06-06-primary,2000-06-06 00:00:00,2000-06-06 00:00:00,primary,certified,False,State Auditor,,Bruce T. Simon,,,,,Republican,,Fallon,ocd-division/country:us/state:mt/county:fallon,231,,,,,2000
2016-01-30 15:57:28.232000,mt-2000-06-06-primary,2000-06-06 00:00:00,2000-06-06 00:00:00,primary,certified,False,State Auditor,,Bruce T. Simon,,,,,Republican,,Deer Lodge,ocd-division/country:us/state:mt/county:deer_lodge,258,,,,,2000
2016-01-30 15:57:28.232000,mt-2000-06-06-primary,2000-06-06 00:00:00,2000-06-06 00:00:00,primary,certified,False,State Auditor,,Bruce T. Simon,,,,,Republican,,Dawson,ocd-division/country:us/state:mt/county:dawson,663,,,,,2000
2016-01-30 15:57:28.232000,mt-2000-06-06-primary,2000-06-06 00:00:00,2000-06-06 00:00:00,primary,certified,False,State Auditor,,Bruce T. Simon,,,,,Republican,,Daniels,ocd-division/country:us/state:mt/county:daniels,157,,,,,2000
2016-01-30 15:57:28.232000,mt-2000-06-06-primary,2000-06-06 00:00:00,2000-06-06 00:00:00,primary,certified,False,State Auditor,,Bruce T. Simon,,,,,Republican,,Custer,ocd-division/country:us/state:mt/county:custer,684,,,,,2000
2016-01-30 15:57:28.232000,mt-2000-06-06-primary,2000-06-06 00:00:00,2000-06-06 00:00:00,primary,certified,False,State Auditor,,Bruce T. Simon,,,,,Republican,,Chouteau,ocd-division/country:us/state:mt/county:chouteau,496,,,,,2000
2016-01-30 15:57:28.232000,mt-2000-06-06-primary,2000-06-06 00:00:00,2000-06-06 00:00:00,primary,certified,False,State Auditor,,Bruce T. Simon,,,,,Republican,,Cascade,ocd-division/country:us/state:mt/county:cascade,3059,,,,,2000
2016-01-30 15:57:28.232000,mt-2000-06-06-primary,2000-06-06 00:00:00,2000-06-06 00:00:00,primary,certified,False,State Auditor,,Bruce T. Simon,,,,,Republican,,Carter,ocd-division/country:us/state:mt/county:carter,122,,,,,2000
2016-01-30 15:57:28.232000,mt-2000-06-06-primary,2000-06-06 00:00:00,2000-06-06 00:00:00,primary,certified,False,State Auditor,,Bruce T. Simon,,,,,Republican,,Carbon,ocd-division/country:us/state:mt/county:carbon,733,,,,,2000
2016-01-30 15:57:28.232000,mt-2000-06-06-primary,2000-06-06 00:00:00,2000-06-06 00:00:00,primary,certified,False,State Auditor,,Bruce T. Simon,,,,,Republican,,Broadwater,ocd-division/country:us/state:mt/county:broadwater,300,,,,,2000
2016-01-30 15:57:28.232000,mt-2000-06-06-primary,2000-06-06 00:00:00,2000-06-06 00:00:00,primary,certified,False,State Auditor,,Bruce T. Simon,,,,,Republican,,Blaine,ocd-division/country:us/state:mt/county:blaine,212,,,,,2000
2016-01-30 15:57:28.232000,mt-2000-06-06-primary,2000-06-06 00:00:00,2000-06-06 00:00:00,primary,certified,False,State Auditor,,Bruce T. Simon,,,,,Republican,,Big Horn,ocd-division/country:us/state:mt/county:big_horn,380,,,,,2000
2016-01-30 15:57:28.232000,mt-2000-06-06-primary,2000-06-06 00:00:00,2000-06-06 00:00:00,primary,certified,False,State Auditor,,Bruce T. Simon,,,,,Republican,,Beaverhead,ocd-division/country:us/state:mt/county:beaverhead,740,,,,,2000
2016-01-30 15:57:28.232000,mt-2000-06-06-primary,2000-06-06 00:00:00,2000-06-06 00:00:00,primary,certified,False,State Auditor,,Joyce Schmidt,,,,,Republican,,Yellowstone,ocd-division/country:us/state:mt/county:yellowstone,4588,,,,,2000
2016-01-30 15:57:28.232000,mt-2000-06-06-primary,2000-06-06 00:00:00,2000-06-06 00:00:00,primary,certified,False,State Auditor,,Joyce Schmidt,,,,,Republican,,Wibaux,ocd-division/country:us/state:mt/county:wibaux,52,,,,,2000
2016-01-30 15:57:28.232000,mt-2000-06-06-primary,2000-06-06 00:00:00,2000-06-06 00:00:00,primary,certified,False,State Auditor,,Joyce Schmidt,,,,,Republican,,Wheatland,ocd-division/country:us/state:mt/county:wheatland,158,,,,,2000
2016-01-30 15:57:28.232000,mt-2000-06-06-primary,2000-06-06 00:00:00,2000-06-06 00:00:00,primary,certified,False,State Auditor,,Joyce Schmidt,,,,,Republican,,Valley,ocd-division/country:us/state:mt/county:valley,569,,,,,2000
2016-01-30 15:57:28.232000,mt-2000-06-06-primary,2000-06-06 00:00:00,2000-06-06 00:00:00,primary,certified,False,State Auditor,,Joyce Schmidt,,,,,Republican,,Treasure,ocd-division/country:us/state:mt/county:treasure,78,,,,,2000
2016-01-30 15:57:28.232000,mt-2000-06-06-primary,2000-06-06 00:00:00,2000-06-06 00:00:00,primary,certified,False,State Auditor,,Joyce Schmidt,,,,,Republican,,Toole,ocd-division/country:us/state:mt/county:toole,382,,,,,2000
2016-01-30 15:57:28.232000,mt-2000-06-06-primary,2000-06-06 00:00:00,2000-06-06 00:00:00,primary,certified,False,State Auditor,,Joyce Schmidt,,,,,Republican,,Teton,ocd-division/country:us/state:mt/county:teton,595,,,,,2000
2016-01-30 15:57:28.232000,mt-2000-06-06-primary,2000-06-06 00:00:00,2000-06-06 00:00:00,primary,certified,False,State Auditor,,Joyce Schmidt,,,,,Republican,,Sweet Grass,ocd-division/country:us/state:mt/county:sweet_grass,310,,,,,2000
2016-01-30 15:57:28.232000,mt-2000-06-06-primary,2000-06-06 00:00:00,2000-06-06 00:00:00,primary,certified,False,State Auditor,,Joyce Schmidt,,,,,Republican,,Stillwater,ocd-division/country:us/state:mt/county:stillwater,523,,,,,2000
2016-01-30 15:57:28.232000,mt-2000-06-06-primary,2000-06-06 00:00:00,2000-06-06 00:00:00,primary,certified,False,State Auditor,,Joyce Schmidt,,,,,Republican,,Silver Bow,ocd-division/country:us/state:mt/county:silver_bow,1336,,,,,2000
2016-01-30 15:57:28.232000,mt-2000-06-06-primary,2000-06-06 00:00:00,2000-06-06 00:00:00,primary,certified,False,State Auditor,,Joyce Schmidt,,,,,Republican,,Sheridan,ocd-division/country:us/state:mt/county:sheridan,224,,,,,2000
2016-01-30 15:57:28.232000,mt-2000-06-06-primary,2000-06-06 00:00:00,2000-06-06 00:00:00,primary,certified,False,State Auditor,,Joyce Schmidt,,,,,Republican,,Sanders,ocd-division/country:us/state:mt/county:sanders,607,,,,,2000
2016-01-30 15:57:28.232000,mt-2000-06-06-primary,2000-06-06 00:00:00,2000-06-06 00:00:00,primary,certified,False,State Auditor,,Joyce Schmidt,,,,,Republican,,Rosebud,ocd-division/country:us/state:mt/county:rosebud,273,,,,,2000
2016-01-30 15:57:28.232000,mt-2000-06-06-primary,2000-06-06 00:00:00,2000-06-06 00:00:00,primary,certified,False,State Auditor,,Joyce Schmidt,,,,,Republican,,Roosevelt,ocd-division/country:us/state:mt/county:roosevelt,260,,,,,2000
2016-01-30 15:57:28.232000,mt-2000-06-06-primary,2000-06-06 00:00:00,2000-06-06 00:00:00,primary,certified,False,State Auditor,,Joyce Schmidt,,,,,Republican,,Richland,ocd-division/country:us/state:mt/county:richland,480,,,,,2000
2016-01-30 15:57:28.232000,mt-2000-06-06-primary,2000-06-06 00:00:00,2000-06-06 00:00:00,primary,certified,False,State Auditor,,Joyce Schmidt,,,,,Republican,,Ravalli,ocd-division/country:us/state:mt/county:ravalli,2991,,,,,2000
2016-01-30 15:57:28.232000,mt-2000-06-06-primary,2000-06-06 00:00:00,2000-06-06 00:00:00,primary,certified,False,State Auditor,,Joyce Schmidt,,,,,Republican,,Prairie,ocd-division/country:us/state:mt/county:prairie,130,,,,,2000
2016-01-30 15:57:28.232000,mt-2000-06-06-primary,2000-06-06 00:00:00,2000-06-06 00:00:00,primary,certified,False,State Auditor,,Joyce Schmidt,,,,,Republican,,Powell,ocd-division/country:us/state:mt/county:powell,424,,,,,2000
2016-01-30 15:57:28.232000,mt-2000-06-06-primary,2000-06-06 00:00:00,2000-06-06 00:00:00,primary,certified,False,State Auditor,,Joyce Schmidt,,,,,Republican,,Powder River,ocd-division/country:us/state:mt/county:powder_river,224,,,,,2000
2016-01-30 15:57:28.232000,mt-2000-06-06-primary,2000-06-06 00:00:00,2000-06-06 00:00:00,primary,certified,False,State Auditor,,Joyce Schmidt,,,,,Republican,,Pondera,ocd-division/country:us/state:mt/county:pondera,440,,,,,2000
2016-01-30 15:57:28.232000,mt-2000-06-06-primary,2000-06-06 00:00:00,2000-06-06 00:00:00,primary,certified,False,State Auditor,,Joyce Schmidt,,,,,Republican,,Phillips,ocd-division/country:us/state:mt/county:phillips,474,,,,,2000
2016-01-30 15:57:28.232000,mt-2000-06-06-primary,2000-06-06 00:00:00,2000-06-06 00:00:00,primary,certified,False,State Auditor,,Joyce Schmidt,,,,,Republican,,Petroleum,ocd-division/country:us/state:mt/county:petroleum,44,,,,,2000
2016-01-30 15:57:28.232000,mt-2000-06-06-primary,2000-06-06 00:00:00,2000-06-06 00:00:00,primary,certified,False,State Auditor,,Joyce Schmidt,,,,,Republican,,Park,ocd-division/country:us/state:mt/county:park,961,,,,,2000
2016-01-30 15:57:28.232000,mt-2000-06-06-primary,2000-06-06 00:00:00,2000-06-06 00:00:00,primary,certified,False,State Auditor,,Joyce Schmidt,,,,,Republican,,Musselshell,ocd-division/country:us/state:mt/county:musselshell,467,,,,,2000
2016-01-30 15:57:28.232000,mt-2000-06-06-primary,2000-06-06 00:00:00,2000-06-06 00:00:00,primary,certified,False,State Auditor,,Joyce Schmidt,,,,,Republican,,Missoula,ocd-division/country:us/state:mt/county:missoula,3228,,,,,2000
2016-01-30 15:57:28.232000,mt-2000-06-06-primary,2000-06-06 00:00:00,2000-06-06 00:00:00,primary,certified,False,State Auditor,,Joyce Schmidt,,,,,Republican,,Mineral,ocd-division/country:us/state:mt/county:mineral,181,,,,,2000
2016-01-30 15:57:28.232000,mt-2000-06-06-primary,2000-06-06 00:00:00,2000-06-06 00:00:00,primary,certified,False,State Auditor,,Joyce Schmidt,,,,,Republican,,Meagher,ocd-division/country:us/state:mt/county:meagher,167,,,,,2000
2016-01-30 15:57:28.232000,mt-2000-06-06-primary,2000-06-06 00:00:00,2000-06-06 00:00:00,primary,certified,False,State Auditor,,Joyce Schmidt,,,,,Republican,,McCone,ocd-division/country:us/state:mt/county:mccone,145,,,,,2000
2016-01-30 15:57:28.232000,mt-2000-06-06-primary,2000-06-06 00:00:00,2000-06-06 00:00:00,primary,certified,False,State Auditor,,Joyce Schmidt,,,,,Republican,,Madison,ocd-division/country:us/state:mt/county:madison,653,,,,,2000
2016-01-30 15:57:28.232000,mt-2000-06-06-primary,2000-06-06 00:00:00,2000-06-06 00:00:00,primary,certified,False,State Auditor,,Joyce Schmidt,,,,,Republican,,Lincoln,ocd-division/country:us/state:mt/county:lincoln,1142,,,,,2000
2016-01-30 15:57:28.232000,mt-2000-06-06-primary,2000-06-06 00:00:00,2000-06-06 00:00:00,primary,certified,False,State Auditor,,Joyce Schmidt,,,,,Republican,,Liberty,ocd-division/country:us/state:mt/county:liberty,221,,,,,2000
2016-01-30 15:57:28.232000,mt-2000-06-06-primary,2000-06-06 00:00:00,2000-06-06 00:00:00,primary,certified,False,State Auditor,,Joyce Schmidt,,,,,Republican,,Lewis & Clark,ocd-division/country:us/state:mt/county:lewis_and_clark,2322,,,,,2000
2016-01-30 15:57:28.232000,mt-2000-06-06-primary,2000-06-06 00:00:00,2000-06-06 00:00:00,primary,certified,False,State Auditor,,Joyce Schmidt,,,,,Republican,,Lake,ocd-division/country:us/state:mt/county:lake,1601,,,,,2000
2016-01-30 15:57:28.232000,mt-2000-06-06-primary,2000-06-06 00:00:00,2000-06-06 00:00:00,primary,certified,False,State Auditor,,Joyce Schmidt,,,,,Republican,,Judith Basin,ocd-division/country:us/state:mt/county:judith_basin,240,,,,,2000
2016-01-30 15:57:28.232000,mt-2000-06-06-primary,2000-06-06 00:00:00,2000-06-06 00:00:00,primary,certified,False,State Auditor,,Joyce Schmidt,,,,,Republican,,Jefferson,ocd-division/country:us/state:mt/county:jefferson,679,,,,,2000
2016-01-30 15:57:28.232000,mt-2000-06-06-primary,2000-06-06 00:00:00,2000-06-06 00:00:00,primary,certified,False,State Auditor,,Joyce Schmidt,,,,,Republican,,Hill,ocd-division/country:us/state:mt/county:hill,559,,,,,2000
2016-01-30 15:57:28.232000,mt-2000-06-06-primary,2000-06-06 00:00:00,2000-06-06 00:00:00,primary,certified,False,State Auditor,,Joyce Schmidt,,,,,Republican,,Granite,ocd-division/country:us/state:mt/county:granite,304,,,,,2000
2016-01-30 15:57:28.232000,mt-2000-06-06-primary,2000-06-06 00:00:00,2000-06-06 00:00:00,primary,certified,False,State Auditor,,Joyce Schmidt,,,,,Republican,,Golden Valley,ocd-division/country:us/state:mt/county:golden_valley,66,,,,,2000
2016-01-30 15:57:28.232000,mt-2000-06-06-primary,2000-06-06 00:00:00,2000-06-06 00:00:00,primary,certified,False,State Auditor,,Joyce Schmidt,,,,,Republican,,Glacier,ocd-division/country:us/state:mt/county:glacier,288,,,,,2000
2016-01-30 15:57:28.232000,mt-2000-06-06-primary,2000-06-06 00:00:00,2000-06-06 00:00:00,primary,certified,False,State Auditor,,Joyce Schmidt,,,,,Republican,,Garfield,ocd-division/country:us/state:mt/county:garfield,141,,,,,2000
2016-01-30 15:57:28.232000,mt-2000-06-06-primary,2000-06-06 00:00:00,2000-06-06 00:00:00,primary,certified,False,State Auditor,,Joyce Schmidt,,,,,Republican,,Gallatin,ocd-division/country:us/state:mt/county:gallatin,3652,,,,,2000
2016-01-30 15:57:28.232000,mt-2000-06-06-primary,2000-06-06 00:00:00,2000-06-06 00:00:00,primary,certified,False,State Auditor,,Joyce Schmidt,,,,,Republican,,Flathead,ocd-division/country:us/state:mt/county:flathead,4759,,,,,2000
2016-01-30 15:57:28.232000,mt-2000-06-06-primary,2000-06-06 00:00:00,2000-06-06 00:00:00,primary,certified,False,State Auditor,,Joyce Schmidt,,,,,Republican,,Fergus,ocd-division/country:us/state:mt/county:fergus,1133,,,,,2000
2016-01-30 15:57:28.232000,mt-2000-06-06-primary,2000-06-06 00:00:00,2000-06-06 00:00:00,primary,certified,False,State Auditor,,Joyce Schmidt,,,,,Republican,,Fallon,ocd-division/country:us/state:mt/county:fallon,253,,,,,2000
2016-01-30 15:57:28.232000,mt-2000-06-06-primary,2000-06-06 00:00:00,2000-06-06 00:00:00,primary,certified,False,State Auditor,,Joyce Schmidt,,,,,Republican,,Deer Lodge,ocd-division/country:us/state:mt/county:deer_lodge,280,,,,,2000
2016-01-30 15:57:28.232000,mt-2000-06-06-primary,2000-06-06 00:00:00,2000-06-06 00:00:00,primary,certified,False,State Auditor,,Joyce Schmidt,,,,,Republican,,Dawson,ocd-division/country:us/state:mt/county:dawson,573,,,,,2000
2016-01-30 15:57:28.232000,mt-2000-06-06-primary,2000-06-06 00:00:00,2000-06-06 00:00:00,primary,certified,False,State Auditor,,Joyce Schmidt,,,,,Republican,,Daniels,ocd-division/country:us/state:mt/county:daniels,200,,,,,2000
2016-01-30 15:57:28.232000,mt-2000-06-06-primary,2000-06-06 00:00:00,2000-06-06 00:00:00,primary,certified,False,State Auditor,,Joyce Schmidt,,,,,Republican,,Custer,ocd-division/country:us/state:mt/county:custer,553,,,,,2000
2016-01-30 15:57:28.232000,mt-2000-06-06-primary,2000-06-06 00:00:00,2000-06-06 00:00:00,primary,certified,False,State Auditor,,Joyce Schmidt,,,,,Republican,,Chouteau,ocd-division/country:us/state:mt/county:chouteau,557,,,,,2000
2016-01-30 15:57:28.232000,mt-2000-06-06-primary,2000-06-06 00:00:00,2000-06-06 00:00:00,primary,certified,False,State Auditor,,Joyce Schmidt,,,,,Republican,,Cascade,ocd-division/country:us/state:mt/county:cascade,3210,,,,,2000
2016-01-30 15:57:28.232000,mt-2000-06-06-primary,2000-06-06 00:00:00,2000-06-06 00:00:00,primary,certified,False,State Auditor,,Joyce Schmidt,,,,,Republican,,Carter,ocd-division/country:us/state:mt/county:carter,171,,,,,2000
2016-01-30 15:57:28.232000,mt-2000-06-06-primary,2000-06-06 00:00:00,2000-06-06 00:00:00,primary,certified,False,State Auditor,,Joyce Schmidt,,,,,Republican,,Carbon,ocd-division/country:us/state:mt/county:carbon,502,,,,,2000
2016-01-30 15:57:28.232000,mt-2000-06-06-primary,2000-06-06 00:00:00,2000-06-06 00:00:00,primary,certified,False,State Auditor,,Joyce Schmidt,,,,,Republican,,Broadwater,ocd-division/country:us/state:mt/county:broadwater,289,,,,,2000
2016-01-30 15:57:28.232000,mt-2000-06-06-primary,2000-06-06 00:00:00,2000-06-06 00:00:00,primary,certified,False,State Auditor,,Joyce Schmidt,,,,,Republican,,Blaine,ocd-division/country:us/state:mt/county:blaine,275,,,,,2000
2016-01-30 15:57:28.232000,mt-2000-06-06-primary,2000-06-06 00:00:00,2000-06-06 00:00:00,primary,certified,False,State Auditor,,Joyce Schmidt,,,,,Republican,,Big Horn,ocd-division/country:us/state:mt/county:big_horn,307,,,,,2000
2016-01-30 15:57:28.232000,mt-2000-06-06-primary,2000-06-06 00:00:00,2000-06-06 00:00:00,primary,certified,False,State Auditor,,Joyce Schmidt,,,,,Republican,,Beaverhead,ocd-division/country:us/state:mt/county:beaverhead,887,,,,,2000
2016-01-30 15:57:28.232000,mt-2000-06-06-primary,2000-06-06 00:00:00,2000-06-06 00:00:00,primary,certified,False,State Auditor,,"Barry ""Spook"" Stang",,,,,Democrat,,Yellowstone,ocd-division/country:us/state:mt/county:yellowstone,1227,,,,,2000
2016-01-30 15:57:28.232000,mt-2000-06-06-primary,2000-06-06 00:00:00,2000-06-06 00:00:00,primary,certified,False,State Auditor,,"Barry ""Spook"" Stang",,,,,Democrat,,Wibaux,ocd-division/country:us/state:mt/county:wibaux,22,,,,,2000
2016-01-30 15:57:28.232000,mt-2000-06-06-primary,2000-06-06 00:00:00,2000-06-06 00:00:00,primary,certified,False,State Auditor,,"Barry ""Spook"" Stang",,,,,Democrat,,Wheatland,ocd-division/country:us/state:mt/county:wheatland,18,,,,,2000
2016-01-30 15:57:28.232000,mt-2000-06-06-primary,2000-06-06 00:00:00,2000-06-06 00:00:00,primary,certified,False,State Auditor,,"Barry ""Spook"" Stang",,,,,Democrat,,Valley,ocd-division/country:us/state:mt/county:valley,101,,,,,2000
2016-01-30 15:57:28.232000,mt-2000-06-06-primary,2000-06-06 00:00:00,2000-06-06 00:00:00,primary,certified,False,State Auditor,,"Barry ""Spook"" Stang",,,,,Democrat,,Treasure,ocd-division/country:us/state:mt/county:treasure,13,,,,,2000
2016-01-30 15:57:28.232000,mt-2000-06-06-primary,2000-06-06 00:00:00,2000-06-06 00:00:00,primary,certified,False,State Auditor,,"Barry ""Spook"" Stang",,,,,Democrat,,Toole,ocd-division/country:us/state:mt/county:toole,85,,,,,2000
2016-01-30 15:57:28.232000,mt-2000-06-06-primary,2000-06-06 00:00:00,2000-06-06 00:00:00,primary,certified,False,State Auditor,,"Barry ""Spook"" Stang",,,,,Democrat,,Teton,ocd-division/country:us/state:mt/county:teton,62,,,,,2000
2016-01-30 15:57:28.232000,mt-2000-06-06-primary,2000-06-06 00:00:00,2000-06-06 00:00:00,primary,certified,False,State Auditor,,"Barry ""Spook"" Stang",,,,,Democrat,,Sweet Grass,ocd-division/country:us/state:mt/county:sweet_grass,28,,,,,2000
2016-01-30 15:57:28.232000,mt-2000-06-06-primary,2000-06-06 00:00:00,2000-06-06 00:00:00,primary,certified,False,State Auditor,,"Barry ""Spook"" Stang",,,,,Democrat,,Stillwater,ocd-division/country:us/state:mt/county:stillwater,93,,,,,2000
2016-01-30 15:57:28.232000,mt-2000-06-06-primary,2000-06-06 00:00:00,2000-06-06 00:00:00,primary,certified,False,State Auditor,,"Barry ""Spook"" Stang",,,,,Democrat,,Silver Bow,ocd-division/country:us/state:mt/county:silver_bow,1688,,,,,2000
2016-01-30 15:57:28.232000,mt-2000-06-06-primary,2000-06-06 00:00:00,2000-06-06 00:00:00,primary,certified,False,State Auditor,,"Barry ""Spook"" Stang",,,,,Democrat,,Sheridan,ocd-division/country:us/state:mt/county:sheridan,74,,,,,2000
2016-01-30 15:57:28.232000,mt-2000-06-06-primary,2000-06-06 00:00:00,2000-06-06 00:00:00,primary,certified,False,State Auditor,,"Barry ""Spook"" Stang",,,,,Democrat,,Sanders,ocd-division/country:us/state:mt/county:sanders,626,,,,,2000
2016-01-30 15:57:28.232000,mt-2000-06-06-primary,2000-06-06 00:00:00,2000-06-06 00:00:00,primary,certified,False,State Auditor,,"Barry ""Spook"" Stang",,,,,Democrat,,Rosebud,ocd-division/country:us/state:mt/county:rosebud,124,,,,,2000
2016-01-30 15:57:28.232000,mt-2000-06-06-primary,2000-06-06 00:00:00,2000-06-06 00:00:00,primary,certified,False,State Auditor,,"Barry ""Spook"" Stang",,,,,Democrat,,Roosevelt,ocd-division/country:us/state:mt/county:roosevelt,163,,,,,2000
2016-01-30 15:57:28.232000,mt-2000-06-06-primary,2000-06-06 00:00:00,2000-06-06 00:00:00,primary,certified,False,State Auditor,,"Barry ""Spook"" Stang",,,,,Democrat,,Richland,ocd-division/country:us/state:mt/county:richland,90,,,,,2000
2016-01-30 15:57:28.232000,mt-2000-06-06-primary,2000-06-06 00:00:00,2000-06-06 00:00:00,primary,certified,False,State Auditor,,"Barry ""Spook"" Stang",,,,,Democrat,,Ravalli,ocd-division/country:us/state:mt/county:ravalli,362,,,,,2000
2016-01-30 15:57:28.232000,mt-2000-06-06-primary,2000-06-06 00:00:00,2000-06-06 00:00:00,primary,certified,False,State Auditor,,"Barry ""Spook"" Stang",,,,,Democrat,,Prairie,ocd-division/country:us/state:mt/county:prairie,9,,,,,2000
2016-01-30 15:57:28.232000,mt-2000-06-06-primary,2000-06-06 00:00:00,2000-06-06 00:00:00,primary,certified,False,State Auditor,,"Barry ""Spook"" Stang",,,,,Democrat,,Powell,ocd-division/country:us/state:mt/county:powell,79,,,,,2000
2016-01-30 15:57:28.232000,mt-2000-06-06-primary,2000-06-06 00:00:00,2000-06-06 00:00:00,primary,certified,False,State Auditor,,"Barry ""Spook"" Stang",,,,,Democrat,,Powder River,ocd-division/country:us/state:mt/county:powder_river,3,,,,,2000
2016-01-30 15:57:28.232000,mt-2000-06-06-primary,2000-06-06 00:00:00,2000-06-06 00:00:00,primary,certified,False,State Auditor,,"Barry ""Spook"" Stang",,,,,Democrat,,Pondera,ocd-division/country:us/state:mt/county:pondera,133,,,,,2000
2016-01-30 15:57:28.232000,mt-2000-06-06-primary,2000-06-06 00:00:00,2000-06-06 00:00:00,primary,certified,False,State Auditor,,"Barry ""Spook"" Stang",,,,,Democrat,,Phillips,ocd-division/country:us/state:mt/county:phillips,21,,,,,2000
2016-01-30 15:57:28.232000,mt-2000-06-06-primary,2000-06-06 00:00:00,2000-06-06 00:00:00,primary,certified,False,State Auditor,,"Barry ""Spook"" Stang",,,,,Democrat,,Petroleum,ocd-division/country:us/state:mt/county:petroleum,6,,,,,2000
2016-01-30 15:57:28.232000,mt-2000-06-06-primary,2000-06-06 00:00:00,2000-06-06 00:00:00,primary,certified,False,State Auditor,,"Barry ""Spook"" Stang",,,,,Democrat,,Park,ocd-division/country:us/state:mt/county:park,128,,,,,2000
2016-01-30 15:57:28.232000,mt-2000-06-06-primary,2000-06-06 00:00:00,2000-06-06 00:00:00,primary,certified,False,State Auditor,,"Barry ""Spook"" Stang",,,,,Democrat,,Musselshell,ocd-division/country:us/state:mt/county:musselshell,46,,,,,2000
2016-01-30 15:57:28.232000,mt-2000-06-06-primary,2000-06-06 00:00:00,2000-06-06 00:00:00,primary,certified,False,State Auditor,,"Barry ""Spook"" Stang",,,,,Democrat,,Missoula,ocd-division/country:us/state:mt/county:missoula,2274,,,,,2000
2016-01-30 15:57:28.232000,mt-2000-06-06-primary,2000-06-06 00:00:00,2000-06-06 00:00:00,primary,certified,False,State Auditor,,"Barry ""Spook"" Stang",,,,,Democrat,,Mineral,ocd-division/country:us/state:mt/county:mineral,406,,,,,2000
2016-01-30 15:57:28.232000,mt-2000-06-06-primary,2000-06-06 00:00:00,2000-06-06 00:00:00,primary,certified,False,State Auditor,,"Barry ""Spook"" Stang",,,,,Democrat,,Meagher,ocd-division/country:us/state:mt/county:meagher,18,,,,,2000
2016-01-30 15:57:28.232000,mt-2000-06-06-primary,2000-06-06 00:00:00,2000-06-06 00:00:00,primary,certified,False,State Auditor,,"Barry ""Spook"" Stang",,,,,Democrat,,McCone,ocd-division/country:us/state:mt/county:mccone,18,,,,,2000
2016-01-30 15:57:28.232000,mt-2000-06-06-primary,2000-06-06 00:00:00,2000-06-06 00:00:00,primary,certified,False,State Auditor,,"Barry ""Spook"" Stang",,,,,Democrat,,Madison,ocd-division/country:us/state:mt/county:madison,70,,,,,2000
2016-01-30 15:57:28.232000,mt-2000-06-06-primary,2000-06-06 00:00:00,2000-06-06 00:00:00,primary,certified,False,State Auditor,,"Barry ""Spook"" Stang",,,,,Democrat,,Lincoln,ocd-division/country:us/state:mt/county:lincoln,327,,,,,2000
2016-01-30 15:57:28.232000,mt-2000-06-06-primary,2000-06-06 00:00:00,2000-06-06 00:00:00,primary,certified,False,State Auditor,,"Barry ""Spook"" Stang",,,,,Democrat,,Liberty,ocd-division/country:us/state:mt/county:liberty,28,,,,,2000
2016-01-30 15:57:28.232000,mt-2000-06-06-primary,2000-06-06 00:00:00,2000-06-06 00:00:00,primary,certified,False,State Auditor,,"Barry ""Spook"" Stang",,,,,Democrat,,Lewis & Clark,ocd-division/country:us/state:mt/county:lewis_and_clark,1536,,,,,2000
2016-01-30 15:57:28.232000,mt-2000-06-06-primary,2000-06-06 00:00:00,2000-06-06 00:00:00,primary,certified,False,State Auditor,,"Barry ""Spook"" Stang",,,,,Democrat,,Lake,ocd-division/country:us/state:mt/county:lake,355,,,,,2000
2016-01-30 15:57:28.232000,mt-2000-06-06-primary,2000-06-06 00:00:00,2000-06-06 00:00:00,primary,certified,False,State Auditor,,"Barry ""Spook"" Stang",,,,,Democrat,,Judith Basin,ocd-division/country:us/state:mt/county:judith_basin,41,,,,,2000
2016-01-30 15:57:28.232000,mt-2000-06-06-primary,2000-06-06 00:00:00,2000-06-06 00:00:00,primary,certified,False,State Auditor,,"Barry ""Spook"" Stang",,,,,Democrat,,Jefferson,ocd-division/country:us/state:mt/county:jefferson,246,,,,,2000
2016-01-30 15:57:28.232000,mt-2000-06-06-primary,2000-06-06 00:00:00,2000-06-06 00:00:00,primary,certified,False,State Auditor,,"Barry ""Spook"" Stang",,,,,Democrat,,Hill,ocd-division/country:us/state:mt/county:hill,313,,,,,2000
2016-01-30 15:57:28.232000,mt-2000-06-06-primary,2000-06-06 00:00:00,2000-06-06 00:00:00,primary,certified,False,State Auditor,,"Barry ""Spook"" Stang",,,,,Democrat,,Granite,ocd-division/country:us/state:mt/county:granite,30,,,,,2000
2016-01-30 15:57:28.232000,mt-2000-06-06-primary,2000-06-06 00:00:00,2000-06-06 00:00:00,primary,certified,False,State Auditor,,"Barry ""Spook"" Stang",,,,,Democrat,,Golden Valley,ocd-division/country:us/state:mt/county:golden_valley,7,,,,,2000
2016-01-30 15:57:28.232000,mt-2000-06-06-primary,2000-06-06 00:00:00,2000-06-06 00:00:00,primary,certified,False,State Auditor,,"Barry ""Spook"" Stang",,,,,Democrat,,Glacier,ocd-division/country:us/state:mt/county:glacier,350,,,,,2000
2016-01-30 15:57:28.232000,mt-2000-06-06-primary,2000-06-06 00:00:00,2000-06-06 00:00:00,primary,certified,False,State Auditor,,"Barry ""Spook"" Stang",,,,,Democrat,,Garfield,ocd-division/country:us/state:mt/county:garfield,9,,,,,2000
2016-01-30 15:57:28.232000,mt-2000-06-06-primary,2000-06-06 00:00:00,2000-06-06 00:00:00,primary,certified,False,State Auditor,,"Barry ""Spook"" Stang",,,,,Democrat,,Gallatin,ocd-division/country:us/state:mt/county:gallatin,393,,,,,2000
2016-01-30 15:57:28.232000,mt-2000-06-06-primary,2000-06-06 00:00:00,2000-06-06 00:00:00,primary,certified,False,State Auditor,,"Barry ""Spook"" Stang",,,,,Democrat,,Flathead,ocd-division/country:us/state:mt/county:flathead,632,,,,,2000
2016-01-30 15:57:28.232000,mt-2000-06-06-primary,2000-06-06 00:00:00,2000-06-06 00:00:00,primary,certified,False,State Auditor,,"Barry ""Spook"" Stang",,,,,Democrat,,Fergus,ocd-division/country:us/state:mt/county:fergus,201,,,,,2000
2016-01-30 15:57:28.232000,mt-2000-06-06-primary,2000-06-06 00:00:00,2000-06-06 00:00:00,primary,certified,False,State Auditor,,"Barry ""Spook"" Stang",,,,,Democrat,,Fallon,ocd-division/country:us/state:mt/county:fallon,52,,,,,2000
2016-01-30 15:57:28.232000,mt-2000-06-06-primary,2000-06-06 00:00:00,2000-06-06 00:00:00,primary,certified,False,State Auditor,,"Barry ""Spook"" Stang",,,,,Democrat,,Deer Lodge,ocd-division/country:us/state:mt/county:deer_lodge,413,,,,,2000
2016-01-30 15:57:28.232000,mt-2000-06-06-primary,2000-06-06 00:00:00,2000-06-06 00:00:00,primary,certified,False,State Auditor,,"Barry ""Spook"" Stang",,,,,Democrat,,Dawson,ocd-division/country:us/state:mt/county:dawson,107,,,,,2000
2016-01-30 15:57:28.232000,mt-2000-06-06-primary,2000-06-06 00:00:00,2000-06-06 00:00:00,primary,certified,False,State Auditor,,"Barry ""Spook"" Stang",,,,,Democrat,,Daniels,ocd-division/country:us/state:mt/county:daniels,17,,,,,2000
2016-01-30 15:57:28.232000,mt-2000-06-06-primary,2000-06-06 00:00:00,2000-06-06 00:00:00,primary,certified,False,State Auditor,,"Barry ""Spook"" Stang",,,,,Democrat,,Custer,ocd-division/country:us/state:mt/county:custer,110,,,,,2000
2016-01-30 15:57:28.232000,mt-2000-06-06-primary,2000-06-06 00:00:00,2000-06-06 00:00:00,primary,certified,False,State Auditor,,"Barry ""Spook"" Stang",,,,,Democrat,,Chouteau,ocd-division/country:us/state:mt/county:chouteau,54,,,,,2000
2016-01-30 15:57:28.232000,mt-2000-06-06-primary,2000-06-06 00:00:00,2000-06-06 00:00:00,primary,certified,False,State Auditor,,"Barry ""Spook"" Stang",,,,,Democrat,,Cascade,ocd-division/country:us/state:mt/county:cascade,969,,,,,2000
2016-01-30 15:57:28.232000,mt-2000-06-06-primary,2000-06-06 00:00:00,2000-06-06 00:00:00,primary,certified,False,State Auditor,,"Barry ""Spook"" Stang",,,,,Democrat,,Carter,ocd-division/country:us/state:mt/county:carter,14,,,,,2000
2016-01-30 15:57:28.232000,mt-2000-06-06-primary,2000-06-06 00:00:00,2000-06-06 00:00:00,primary,certified,False,State Auditor,,"Barry ""Spook"" Stang",,,,,Democrat,,Carbon,ocd-division/country:us/state:mt/county:carbon,102,,,,,2000
2016-01-30 15:57:28.232000,mt-2000-06-06-primary,2000-06-06 00:00:00,2000-06-06 00:00:00,primary,certified,False,State Auditor,,"Barry ""Spook"" Stang",,,,,Democrat,,Broadwater,ocd-division/country:us/state:mt/county:broadwater,103,,,,,2000
2016-01-30 15:57:28.232000,mt-2000-06-06-primary,2000-06-06 00:00:00,2000-06-06 00:00:00,primary,certified,False,State Auditor,,"Barry ""Spook"" Stang",,,,,Democrat,,Blaine,ocd-division/country:us/state:mt/county:blaine,117,,,,,2000
2016-01-30 15:57:28.232000,mt-2000-06-06-primary,2000-06-06 00:00:00,2000-06-06 00:00:00,primary,certified,False,State Auditor,,"Barry ""Spook"" Stang",,,,,Democrat,,Big Horn,ocd-division/country:us/state:mt/county:big_horn,198,,,,,2000
2016-01-30 15:57:28.232000,mt-2000-06-06-primary,2000-06-06 00:00:00,2000-06-06 00:00:00,primary,certified,False,State Auditor,,"Barry ""Spook"" Stang",,,,,Democrat,,Beaverhead,ocd-division/country:us/state:mt/county:beaverhead,63,,,,,2000
2016-01-30 15:57:28.232000,mt-2000-06-06-primary,2000-06-06 00:00:00,2000-06-06 00:00:00,primary,certified,False,State Auditor,,John Morrison,,,,,Democrat,,Yellowstone,ocd-division/country:us/state:mt/county:yellowstone,5829,,,,,2000
2016-01-30 15:57:28.232000,mt-2000-06-06-primary,2000-06-06 00:00:00,2000-06-06 00:00:00,primary,certified,False,State Auditor,,John Morrison,,,,,Democrat,,Wibaux,ocd-division/country:us/state:mt/county:wibaux,80,,,,,2000
2016-01-30 15:57:28.232000,mt-2000-06-06-primary,2000-06-06 00:00:00,2000-06-06 00:00:00,primary,certified,False,State Auditor,,John Morrison,,,,,Democrat,,Wheatland,ocd-division/country:us/state:mt/county:wheatland,102,,,,,2000
2016-01-30 15:57:28.232000,mt-2000-06-06-primary,2000-06-06 00:00:00,2000-06-06 00:00:00,primary,certified,False,State Auditor,,John Morrison,,,,,Democrat,,Valley,ocd-division/country:us/state:mt/county:valley,531,,,,,2000
2016-01-30 15:57:28.232000,mt-2000-06-06-primary,2000-06-06 00:00:00,2000-06-06 00:00:00,primary,certified,False,State Auditor,,John Morrison,,,,,Democrat,,Treasure,ocd-division/country:us/state:mt/county:treasure,67,,,,,2000
2016-01-30 15:57:28.232000,mt-2000-06-06-primary,2000-06-06 00:00:00,2000-06-06 00:00:00,primary,certified,False,State Auditor,,John Morrison,,,,,Democrat,,Toole,ocd-division/country:us/state:mt/county:toole,319,,,,,2000
2016-01-30 15:57:28.232000,mt-2000-06-06-primary,2000-06-06 00:00:00,2000-06-06 00:00:00,primary,certified,False,State Auditor,,John Morrison,,,,,Democrat,,Teton,ocd-division/country:us/state:mt/county:teton,412,,,,,2000
2016-01-30 15:57:28.232000,mt-2000-06-06-primary,2000-06-06 00:00:00,2000-06-06 00:00:00,primary,certified,False,State Auditor,,John Morrison,,,,,Democrat,,Sweet Grass,ocd-division/country:us/state:mt/county:sweet_grass,94,,,,,2000
2016-01-30 15:57:28.232000,mt-2000-06-06-primary,2000-06-06 00:00:00,2000-06-06 00:00:00,primary,certified,False,State Auditor,,John Morrison,,,,,Democrat,,Stillwater,ocd-division/country:us/state:mt/county:stillwater,388,,,,,2000
2016-01-30 15:57:28.232000,mt-2000-06-06-primary,2000-06-06 00:00:00,2000-06-06 00:00:00,primary,certified,False,State Auditor,,John Morrison,,,,,Democrat,,Silver Bow,ocd-division/country:us/state:mt/county:silver_bow,5275,,,,,2000
2016-01-30 15:57:28.232000,mt-2000-06-06-primary,2000-06-06 00:00:00,2000-06-06 00:00:00,primary,certified,False,State Auditor,,John Morrison,,,,,Democrat,,Sheridan,ocd-division/country:us/state:mt/county:sheridan,229,,,,,2000
2016-01-30 15:57:28.232000,mt-2000-06-06-primary,2000-06-06 00:00:00,2000-06-06 00:00:00,primary,certified,False,State Auditor,,John Morrison,,,,,Democrat,,Sanders,ocd-division/country:us/state:mt/county:sanders,241,,,,,2000
2016-01-30 15:57:28.232000,mt-2000-06-06-primary,2000-06-06 00:00:00,2000-06-06 00:00:00,primary,certified,False,State Auditor,,John Morrison,,,,,Democrat,,Rosebud,ocd-division/country:us/state:mt/county:rosebud,381,,,,,2000
2016-01-30 15:57:28.232000,mt-2000-06-06-primary,2000-06-06 00:00:00,2000-06-06 00:00:00,primary,certified,False,State Auditor,,John Morrison,,,,,Democrat,,Roosevelt,ocd-division/country:us/state:mt/county:roosevelt,509,,,,,2000
2016-01-30 15:57:28.232000,mt-2000-06-06-primary,2000-06-06 00:00:00,2000-06-06 00:00:00,primary,certified,False,State Auditor,,John Morrison,,,,,Democrat,,Richland,ocd-division/country:us/state:mt/county:richland,431,,,,,2000
2016-01-30 15:57:28.232000,mt-2000-06-06-primary,2000-06-06 00:00:00,2000-06-06 00:00:00,primary,certified,False,State Auditor,,John Morrison,,,,,Democrat,,Ravalli,ocd-division/country:us/state:mt/county:ravalli,1373,,,,,2000
2016-01-30 15:57:28.232000,mt-2000-06-06-primary,2000-06-06 00:00:00,2000-06-06 00:00:00,primary,certified,False,State Auditor,,John Morrison,,,,,Democrat,,Prairie,ocd-division/country:us/state:mt/county:prairie,71,,,,,2000
2016-01-30 15:57:28.232000,mt-2000-06-06-primary,2000-06-06 00:00:00,2000-06-06 00:00:00,primary,certified,False,State Auditor,,John Morrison,,,,,Democrat,,Powell,ocd-division/country:us/state:mt/county:powell,323,,,,,2000
2016-01-30 15:57:28.232000,mt-2000-06-06-primary,2000-06-06 00:00:00,2000-06-06 00:00:00,primary,certified,False,State Auditor,,John Morrison,,,,,Democrat,,Powder River,ocd-division/country:us/state:mt/county:powder_river,22,,,,,2000
2016-01-30 15:57:28.232000,mt-2000-06-06-primary,2000-06-06 00:00:00,2000-06-06 00:00:00,primary,certified,False,State Auditor,,John Morrison,,,,,Democrat,,Pondera,ocd-division/country:us/state:mt/county:pondera,512,,,,,2000
2016-01-30 15:57:28.232000,mt-2000-06-06-primary,2000-06-06 00:00:00,2000-06-06 00:00:00,primary,certified,False,State Auditor,,John Morrison,,,,,Democrat,,Phillips,ocd-division/country:us/state:mt/county:phillips,163,,,,,2000
2016-01-30 15:57:28.232000,mt-2000-06-06-primary,2000-06-06 00:00:00,2000-06-06 00:00:00,primary,certified,False,State Auditor,,John Morrison,,,,,Democrat,,Petroleum,ocd-division/country:us/state:mt/county:petroleum,19,,,,,2000
2016-01-30 15:57:28.232000,mt-2000-06-06-primary,2000-06-06 00:00:00,2000-06-06 00:00:00,primary,certified,False,State Auditor,,John Morrison,,,,,Democrat,,Park,ocd-division/country:us/state:mt/county:park,622,,,,,2000
2016-01-30 15:57:28.232000,mt-2000-06-06-primary,2000-06-06 00:00:00,2000-06-06 00:00:00,primary,certified,False,State Auditor,,John Morrison,,,,,Democrat,,Musselshell,ocd-division/country:us/state:mt/county:musselshell,212,,,,,2000
2016-01-30 15:57:28.232000,mt-2000-06-06-primary,2000-06-06 00:00:00,2000-06-06 00:00:00,primary,certified,False,State Auditor,,John Morrison,,,,,Democrat,,Missoula,ocd-division/country:us/state:mt/county:missoula,5782,,,,,2000
2016-01-30 15:57:28.232000,mt-2000-06-06-primary,2000-06-06 00:00:00,2000-06-06 00:00:00,primary,certified,False,State Auditor,,John Morrison,,,,,Democrat,,Mineral,ocd-division/country:us/state:mt/county:mineral,71,,,,,2000
2016-01-30 15:57:28.232000,mt-2000-06-06-primary,2000-06-06 00:00:00,2000-06-06 00:00:00,primary,certified,False,State Auditor,,John Morrison,,,,,Democrat,,Meagher,ocd-division/country:us/state:mt/county:meagher,87,,,,,2000
2016-01-30 15:57:28.232000,mt-2000-06-06-primary,2000-06-06 00:00:00,2000-06-06 00:00:00,primary,certified,False,State Auditor,,John Morrison,,,,,Democrat,,McCone,ocd-division/country:us/state:mt/county:mccone,144,,,,,2000
2016-01-30 15:57:28.232000,mt-2000-06-06-primary,2000-06-06 00:00:00,2000-06-06 00:00:00,primary,certified,False,State Auditor,,John Morrison,,,,,Democrat,,Madison,ocd-division/country:us/state:mt/county:madison,269,,,,,2000
2016-01-30 15:57:28.232000,mt-2000-06-06-primary,2000-06-06 00:00:00,2000-06-06 00:00:00,primary,certified,False,State Auditor,,John Morrison,,,,,Democrat,,Lincoln,ocd-division/country:us/state:mt/county:lincoln,633,,,,,2000
2016-01-30 15:57:28.232000,mt-2000-06-06-primary,2000-06-06 00:00:00,2000-06-06 00:00:00,primary,certified,False,State Auditor,,John Morrison,,,,,Democrat,,Liberty,ocd-division/country:us/state:mt/county:liberty,113,,,,,2000
2016-01-30 15:57:28.232000,mt-2000-06-06-primary,2000-06-06 00:00:00,2000-06-06 00:00:00,primary,certified,False,State Auditor,,John Morrison,,,,,Democrat,,Lewis & Clark,ocd-division/country:us/state:mt/county:lewis_and_clark,4157,,,,,2000
2016-01-30 15:57:28.232000,mt-2000-06-06-primary,2000-06-06 00:00:00,2000-06-06 00:00:00,primary,certified,False,State Auditor,,John Morrison,,,,,Democrat,,Lake,ocd-division/country:us/state:mt/county:lake,1108,,,,,2000
2016-01-30 15:57:28.232000,mt-2000-06-06-primary,2000-06-06 00:00:00,2000-06-06 00:00:00,primary,certified,False,State Auditor,,John Morrison,,,,,Democrat,,Judith Basin,ocd-division/country:us/state:mt/county:judith_basin,162,,,,,2000
2016-01-30 15:57:28.232000,mt-2000-06-06-primary,2000-06-06 00:00:00,2000-06-06 00:00:00,primary,certified,False,State Auditor,,John Morrison,,,,,Democrat,,Jefferson,ocd-division/country:us/state:mt/county:jefferson,640,,,,,2000
2016-01-30 15:57:28.232000,mt-2000-06-06-primary,2000-06-06 00:00:00,2000-06-06 00:00:00,primary,certified,False,State Auditor,,John Morrison,,,,,Democrat,,Hill,ocd-division/country:us/state:mt/county:hill,1222,,,,,2000
2016-01-30 15:57:28.232000,mt-2000-06-06-primary,2000-06-06 00:00:00,2000-06-06 00:00:00,primary,certified,False,State Auditor,,John Morrison,,,,,Democrat,,Granite,ocd-division/country:us/state:mt/county:granite,136,,,,,2000
2016-01-30 15:57:28.232000,mt-2000-06-06-primary,2000-06-06 00:00:00,2000-06-06 00:00:00,primary,certified,False,State Auditor,,John Morrison,,,,,Democrat,,Golden Valley,ocd-division/country:us/state:mt/county:golden_valley,50,,,,,2000
2016-01-30 15:57:28.232000,mt-2000-06-06-primary,2000-06-06 00:00:00,2000-06-06 00:00:00,primary,certified,False,State Auditor,,John Morrison,,,,,Democrat,,Glacier,ocd-division/country:us/state:mt/county:glacier,937,,,,,2000
2016-01-30 15:57:28.232000,mt-2000-06-06-primary,2000-06-06 00:00:00,2000-06-06 00:00:00,primary,certified,False,State Auditor,,John Morrison,,,,,Democrat,,Garfield,ocd-division/country:us/state:mt/county:garfield,33,,,,,2000
2016-01-30 15:57:28.232000,mt-2000-06-06-primary,2000-06-06 00:00:00,2000-06-06 00:00:00,primary,certified,False,State Auditor,,John Morrison,,,,,Democrat,,Gallatin,ocd-division/country:us/state:mt/county:gallatin,1809,,,,,2000
2016-01-30 15:57:28.232000,mt-2000-06-06-primary,2000-06-06 00:00:00,2000-06-06 00:00:00,primary,certified,False,State Auditor,,John Morrison,,,,,Democrat,,Flathead,ocd-division/country:us/state:mt/county:flathead,2890,,,,,2000
2016-01-30 15:57:28.232000,mt-2000-06-06-primary,2000-06-06 00:00:00,2000-06-06 00:00:00,primary,certified,False,State Auditor,,John Morrison,,,,,Democrat,,Fergus,ocd-division/country:us/state:mt/county:fergus,681,,,,,2000
2016-01-30 15:57:28.232000,mt-2000-06-06-primary,2000-06-06 00:00:00,2000-06-06 00:00:00,primary,certified,False,State Auditor,,John Morrison,,,,,Democrat,,Fallon,ocd-division/country:us/state:mt/county:fallon,111,,,,,2000
2016-01-30 15:57:28.232000,mt-2000-06-06-primary,2000-06-06 00:00:00,2000-06-06 00:00:00,primary,certified,False,State Auditor,,John Morrison,,,,,Democrat,,Deer Lodge,ocd-division/country:us/state:mt/county:deer_lodge,1811,,,,,2000
2016-01-30 15:57:28.232000,mt-2000-06-06-primary,2000-06-06 00:00:00,2000-06-06 00:00:00,primary,certified,False,State Auditor,,John Morrison,,,,,Democrat,,Dawson,ocd-division/country:us/state:mt/county:dawson,449,,,,,2000
2016-01-30 15:57:28.232000,mt-2000-06-06-primary,2000-06-06 00:00:00,2000-06-06 00:00:00,primary,certified,False,State Auditor,,John Morrison,,,,,Democrat,,Daniels,ocd-division/country:us/state:mt/county:daniels,82,,,,,2000
2016-01-30 15:57:28.232000,mt-2000-06-06-primary,2000-06-06 00:00:00,2000-06-06 00:00:00,primary,certified,False,State Auditor,,John Morrison,,,,,Democrat,,Custer,ocd-division/country:us/state:mt/county:custer,673,,,,,2000
2016-01-30 15:57:28.232000,mt-2000-06-06-primary,2000-06-06 00:00:00,2000-06-06 00:00:00,primary,certified,False,State Auditor,,John Morrison,,,,,Democrat,,Chouteau,ocd-division/country:us/state:mt/county:chouteau,319,,,,,2000
2016-01-30 15:57:28.232000,mt-2000-06-06-primary,2000-06-06 00:00:00,2000-06-06 00:00:00,primary,certified,False,State Auditor,,John Morrison,,,,,Democrat,,Cascade,ocd-division/country:us/state:mt/county:cascade,5385,,,,,2000
2016-01-30 15:57:28.232000,mt-2000-06-06-primary,2000-06-06 00:00:00,2000-06-06 00:00:00,primary,certified,False,State Auditor,,John Morrison,,,,,Democrat,,Carter,ocd-division/country:us/state:mt/county:carter,24,,,,,2000
2016-01-30 15:57:28.232000,mt-2000-06-06-primary,2000-06-06 00:00:00,2000-06-06 00:00:00,primary,certified,False,State Auditor,,John Morrison,,,,,Democrat,,Carbon,ocd-division/country:us/state:mt/county:carbon,490,,,,,2000
2016-01-30 15:57:28.232000,mt-2000-06-06-primary,2000-06-06 00:00:00,2000-06-06 00:00:00,primary,certified,False,State Auditor,,John Morrison,,,,,Democrat,,Broadwater,ocd-division/country:us/state:mt/county:broadwater,222,,,,,2000
2016-01-30 15:57:28.232000,mt-2000-06-06-primary,2000-06-06 00:00:00,2000-06-06 00:00:00,primary,certified,False,State Auditor,,John Morrison,,,,,Democrat,,Blaine,ocd-division/country:us/state:mt/county:blaine,397,,,,,2000
2016-01-30 15:57:28.232000,mt-2000-06-06-primary,2000-06-06 00:00:00,2000-06-06 00:00:00,primary,certified,False,State Auditor,,John Morrison,,,,,Democrat,,Big Horn,ocd-division/country:us/state:mt/county:big_horn,403,,,,,2000
2016-01-30 15:57:28.232000,mt-2000-06-06-primary,2000-06-06 00:00:00,2000-06-06 00:00:00,primary,certified,False,State Auditor,,John Morrison,,,,,Democrat,,Beaverhead,ocd-division/country:us/state:mt/county:beaverhead,229,,,,,2000
2016-01-30 15:57:28.232000,mt-2000-06-06-primary,2000-06-06 00:00:00,2000-06-06 00:00:00,primary,certified,False,State Auditor,,David Ewer,,,,,Democrat,,Yellowstone,ocd-division/country:us/state:mt/county:yellowstone,2280,,,,,2000
2016-01-30 15:57:28.232000,mt-2000-06-06-primary,2000-06-06 00:00:00,2000-06-06 00:00:00,primary,certified,False,State Auditor,,David Ewer,,,,,Democrat,,Wibaux,ocd-division/country:us/state:mt/county:wibaux,19,,,,,2000
2016-01-30 15:57:28.232000,mt-2000-06-06-primary,2000-06-06 00:00:00,2000-06-06 00:00:00,primary,certified,False,State Auditor,,David Ewer,,,,,Democrat,,Wheatland,ocd-division/country:us/state:mt/county:wheatland,31,,,,,2000
2016-01-30 15:57:28.232000,mt-2000-06-06-primary,2000-06-06 00:00:00,2000-06-06 00:00:00,primary,certified,False,State Auditor,,David Ewer,,,,,Democrat,,Valley,ocd-division/country:us/state:mt/county:valley,177,,,,,2000
2016-01-30 15:57:28.232000,mt-2000-06-06-primary,2000-06-06 00:00:00,2000-06-06 00:00:00,primary,certified,False,State Auditor,,David Ewer,,,,,Democrat,,Treasure,ocd-division/country:us/state:mt/county:treasure,21,,,,,2000
2016-01-30 15:57:28.232000,mt-2000-06-06-primary,2000-06-06 00:00:00,2000-06-06 00:00:00,primary,certified,False,State Auditor,,David Ewer,,,,,Democrat,,Toole,ocd-division/country:us/state:mt/county:toole,51,,,,,2000
2016-01-30 15:57:28.232000,mt-2000-06-06-primary,2000-06-06 00:00:00,2000-06-06 00:00:00,primary,certified,False,State Auditor,,David Ewer,,,,,Democrat,,Teton,ocd-division/country:us/state:mt/county:teton,98,,,,,2000
2016-01-30 15:57:28.232000,mt-2000-06-06-primary,2000-06-06 00:00:00,2000-06-06 00:00:00,primary,certified,False,State Auditor,,David Ewer,,,,,Democrat,,Sweet Grass,ocd-division/country:us/state:mt/county:sweet_grass,29,,,,,2000
2016-01-30 15:57:28.232000,mt-2000-06-06-primary,2000-06-06 00:00:00,2000-06-06 00:00:00,primary,certified,False,State Auditor,,David Ewer,,,,,Democrat,,Stillwater,ocd-division/country:us/state:mt/county:stillwater,119,,,,,2000
2016-01-30 15:57:28.232000,mt-2000-06-06-primary,2000-06-06 00:00:00,2000-06-06 00:00:00,primary,certified,False,State Auditor,,David Ewer,,,,,Democrat,,Silver Bow,ocd-division/country:us/state:mt/county:silver_bow,1255,,,,,2000
2016-01-30 15:57:28.232000,mt-2000-06-06-primary,2000-06-06 00:00:00,2000-06-06 00:00:00,primary,certified,False,State Auditor,,David Ewer,,,,,Democrat,,Sheridan,ocd-division/country:us/state:mt/county:sheridan,49,,,,,2000
2016-01-30 15:57:28.232000,mt-2000-06-06-primary,2000-06-06 00:00:00,2000-06-06 00:00:00,primary,certified,False,State Auditor,,David Ewer,,,,,Democrat,,Sanders,ocd-division/country:us/state:mt/county:sanders,55,,,,,2000
2016-01-30 15:57:28.232000,mt-2000-06-06-primary,2000-06-06 00:00:00,2000-06-06 00:00:00,primary,certified,False,State Auditor,,David Ewer,,,,,Democrat,,Rosebud,ocd-division/country:us/state:mt/county:rosebud,150,,,,,2000
2016-01-30 15:57:28.232000,mt-2000-06-06-primary,2000-06-06 00:00:00,2000-06-06 00:00:00,primary,certified,False,State Auditor,,David Ewer,,,,,Democrat,,Roosevelt,ocd-division/country:us/state:mt/county:roosevelt,116,,,,,2000
2016-01-30 15:57:28.232000,mt-2000-06-06-primary,2000-06-06 00:00:00,2000-06-06 00:00:00,primary,certified,False,State Auditor,,David Ewer,,,,,Democrat,,Richland,ocd-division/country:us/state:mt/county:richland,87,,,,,2000
2016-01-30 15:57:28.232000,mt-2000-06-06-primary,2000-06-06 00:00:00,2000-06-06 00:00:00,primary,certified,False,State Auditor,,David Ewer,,,,,Democrat,,Ravalli,ocd-division/country:us/state:mt/county:ravalli,424,,,,,2000
2016-01-30 15:57:28.232000,mt-2000-06-06-primary,2000-06-06 00:00:00,2000-06-06 00:00:00,primary,certified,False,State Auditor,,David Ewer,,,,,Democrat,,Prairie,ocd-division/country:us/state:mt/county:prairie,14,,,,,2000
2016-01-30 15:57:28.232000,mt-2000-06-06-primary,2000-06-06 00:00:00,2000-06-06 00:00:00,primary,certified,False,State Auditor,,David Ewer,,,,,Democrat,,Powell,ocd-division/country:us/state:mt/county:powell,95,,,,,2000
2016-01-30 15:57:28.232000,mt-2000-06-06-primary,2000-06-06 00:00:00,2000-06-06 00:00:00,primary,certified,False,State Auditor,,David Ewer,,,,,Democrat,,Powder River,ocd-division/country:us/state:mt/county:powder_river,8,,,,,2000
2016-01-30 15:57:28.232000,mt-2000-06-06-primary,2000-06-06 00:00:00,2000-06-06 00:00:00,primary,certified,False,State Auditor,,David Ewer,,,,,Democrat,,Pondera,ocd-division/country:us/state:mt/county:pondera,106,,,,,2000
2016-01-30 15:57:28.232000,mt-2000-06-06-primary,2000-06-06 00:00:00,2000-06-06 00:00:00,primary,certified,False,State Auditor,,David Ewer,,,,,Democrat,,Phillips,ocd-division/country:us/state:mt/county:phillips,28,,,,,2000
2016-01-30 15:57:28.232000,mt-2000-06-06-primary,2000-06-06 00:00:00,2000-06-06 00:00:00,primary,certified,False,State Auditor,,David Ewer,,,,,Democrat,,Petroleum,ocd-division/country:us/state:mt/county:petroleum,7,,,,,2000
2016-01-30 15:57:28.232000,mt-2000-06-06-primary,2000-06-06 00:00:00,2000-06-06 00:00:00,primary,certified,False,State Auditor,,David Ewer,,,,,Democrat,,Park,ocd-division/country:us/state:mt/county:park,281,,,,,2000
2016-01-30 15:57:28.232000,mt-2000-06-06-primary,2000-06-06 00:00:00,2000-06-06 00:00:00,primary,certified,False,State Auditor,,David Ewer,,,,,Democrat,,Musselshell,ocd-division/country:us/state:mt/county:musselshell,54,,,,,2000
2016-01-30 15:57:28.232000,mt-2000-06-06-primary,2000-06-06 00:00:00,2000-06-06 00:00:00,primary,certified,False,State Auditor,,David Ewer,,,,,Democrat,,Missoula,ocd-division/country:us/state:mt/county:missoula,2530,,,,,2000
2016-01-30 15:57:28.232000,mt-2000-06-06-primary,2000-06-06 00:00:00,2000-06-06 00:00:00,primary,certified,False,State Auditor,,David Ewer,,,,,Democrat,,Mineral,ocd-division/country:us/state:mt/county:mineral,17,,,,,2000
2016-01-30 15:57:28.232000,mt-2000-06-06-primary,2000-06-06 00:00:00,2000-06-06 00:00:00,primary,certified,False,State Auditor,,David Ewer,,,,,Democrat,,Meagher,ocd-division/country:us/state:mt/county:meagher,18,,,,,2000
2016-01-30 15:57:28.232000,mt-2000-06-06-primary,2000-06-06 00:00:00,2000-06-06 00:00:00,primary,certified,False,State Auditor,,David Ewer,,,,,Democrat,,McCone,ocd-division/country:us/state:mt/county:mccone,34,,,,,2000
2016-01-30 15:57:28.232000,mt-2000-06-06-primary,2000-06-06 00:00:00,2000-06-06 00:00:00,primary,certified,False,State Auditor,,David Ewer,,,,,Democrat,,Madison,ocd-division/country:us/state:mt/county:madison,88,,,,,2000
2016-01-30 15:57:28.232000,mt-2000-06-06-primary,2000-06-06 00:00:00,2000-06-06 00:00:00,primary,certified,False,State Auditor,,David Ewer,,,,,Democrat,,Lincoln,ocd-division/country:us/state:mt/county:lincoln,141,,,,,2000
2016-01-30 15:57:28.232000,mt-2000-06-06-primary,2000-06-06 00:00:00,2000-06-06 00:00:00,primary,certified,False,State Auditor,,David Ewer,,,,,Democrat,,Liberty,ocd-division/country:us/state:mt/county:liberty,50,,,,,2000
2016-01-30 15:57:28.232000,mt-2000-06-06-primary,2000-06-06 00:00:00,2000-06-06 00:00:00,primary,certified,False,State Auditor,,David Ewer,,,,,Democrat,,Lewis & Clark,ocd-division/country:us/state:mt/county:lewis_and_clark,4599,,,,,2000
2016-01-30 15:57:28.232000,mt-2000-06-06-primary,2000-06-06 00:00:00,2000-06-06 00:00:00,primary,certified,False,State Auditor,,David Ewer,,,,,Democrat,,Lake,ocd-division/country:us/state:mt/county:lake,224,,,,,2000
2016-01-30 15:57:28.232000,mt-2000-06-06-primary,2000-06-06 00:00:00,2000-06-06 00:00:00,primary,certified,False,State Auditor,,David Ewer,,,,,Democrat,,Judith Basin,ocd-division/country:us/state:mt/county:judith_basin,45,,,,,2000
2016-01-30 15:57:28.232000,mt-2000-06-06-primary,2000-06-06 00:00:00,2000-06-06 00:00:00,primary,certified,False,State Auditor,,David Ewer,,,,,Democrat,,Jefferson,ocd-division/country:us/state:mt/county:jefferson,447,,,,,2000
2016-01-30 15:57:28.232000,mt-2000-06-06-primary,2000-06-06 00:00:00,2000-06-06 00:00:00,primary,certified,False,State Auditor,,David Ewer,,,,,Democrat,,Hill,ocd-division/country:us/state:mt/county:hill,559,,,,,2000
2016-01-30 15:57:28.232000,mt-2000-06-06-primary,2000-06-06 00:00:00,2000-06-06 00:00:00,primary,certified,False,State Auditor,,David Ewer,,,,,Democrat,,Granite,ocd-division/country:us/state:mt/county:granite,21,,,,,2000
2016-01-30 15:57:28.232000,mt-2000-06-06-primary,2000-06-06 00:00:00,2000-06-06 00:00:00,primary,certified,False,State Auditor,,David Ewer,,,,,Democrat,,Golden Valley,ocd-division/country:us/state:mt/county:golden_valley,6,,,,,2000
2016-01-30 15:57:28.232000,mt-2000-06-06-primary,2000-06-06 00:00:00,2000-06-06 00:00:00,primary,certified,False,State Auditor,,David Ewer,,,,,Democrat,,Glacier,ocd-division/country:us/state:mt/county:glacier,276,,,,,2000
2016-01-30 15:57:28.232000,mt-2000-06-06-primary,2000-06-06 00:00:00,2000-06-06 00:00:00,primary,certified,False,State Auditor,,David Ewer,,,,,Democrat,,Garfield,ocd-division/country:us/state:mt/county:garfield,10,,,,,2000
2016-01-30 15:57:28.232000,mt-2000-06-06-primary,2000-06-06 00:00:00,2000-06-06 00:00:00,primary,certified,False,State Auditor,,David Ewer,,,,,Democrat,,Gallatin,ocd-division/country:us/state:mt/county:gallatin,958,,,,,2000
2016-01-30 15:57:28.232000,mt-2000-06-06-primary,2000-06-06 00:00:00,2000-06-06 00:00:00,primary,certified,False,State Auditor,,David Ewer,,,,,Democrat,,Flathead,ocd-division/country:us/state:mt/county:flathead,927,,,,,2000
2016-01-30 15:57:28.232000,mt-2000-06-06-primary,2000-06-06 00:00:00,2000-06-06 00:00:00,primary,certified,False,State Auditor,,David Ewer,,,,,Democrat,,Fergus,ocd-division/country:us/state:mt/county:fergus,162,,,,,2000
2016-01-30 15:57:28.232000,mt-2000-06-06-primary,2000-06-06 00:00:00,2000-06-06 00:00:00,primary,certified,False,State Auditor,,David Ewer,,,,,Democrat,,Fallon,ocd-division/country:us/state:mt/county:fallon,25,,,,,2000
2016-01-30 15:57:28.232000,mt-2000-06-06-primary,2000-06-06 00:00:00,2000-06-06 00:00:00,primary,certified,False,State Auditor,,David Ewer,,,,,Democrat,,Deer Lodge,ocd-division/country:us/state:mt/county:deer_lodge,316,,,,,2000
2016-01-30 15:57:28.232000,mt-2000-06-06-primary,2000-06-06 00:00:00,2000-06-06 00:00:00,primary,certified,False,State Auditor,,David Ewer,,,,,Democrat,,Dawson,ocd-division/country:us/state:mt/county:dawson,161,,,,,2000
2016-01-30 15:57:28.232000,mt-2000-06-06-primary,2000-06-06 00:00:00,2000-06-06 00:00:00,primary,certified,False,State Auditor,,David Ewer,,,,,Democrat,,Daniels,ocd-division/country:us/state:mt/county:daniels,19,,,,,2000
2016-01-30 15:57:28.232000,mt-2000-06-06-primary,2000-06-06 00:00:00,2000-06-06 00:00:00,primary,certified,False,State Auditor,,David Ewer,,,,,Democrat,,Custer,ocd-division/country:us/state:mt/county:custer,234,,,,,2000
2016-01-30 15:57:28.232000,mt-2000-06-06-primary,2000-06-06 00:00:00,2000-06-06 00:00:00,primary,certified,False,State Auditor,,David Ewer,,,,,Democrat,,Chouteau,ocd-division/country:us/state:mt/county:chouteau,82,,,,,2000
2016-01-30 15:57:28.232000,mt-2000-06-06-primary,2000-06-06 00:00:00,2000-06-06 00:00:00,primary,certified,False,State Auditor,,David Ewer,,,,,Democrat,,Cascade,ocd-division/country:us/state:mt/county:cascade,2250,,,,,2000
2016-01-30 15:57:28.232000,mt-2000-06-06-primary,2000-06-06 00:00:00,2000-06-06 00:00:00,primary,certified,False,State Auditor,,David Ewer,,,,,Democrat,,Carter,ocd-division/country:us/state:mt/county:carter,7,,,,,2000
2016-01-30 15:57:28.232000,mt-2000-06-06-primary,2000-06-06 00:00:00,2000-06-06 00:00:00,primary,certified,False,State Auditor,,David Ewer,,,,,Democrat,,Carbon,ocd-division/country:us/state:mt/county:carbon,250,,,,,2000
2016-01-30 15:57:28.232000,mt-2000-06-06-primary,2000-06-06 00:00:00,2000-06-06 00:00:00,primary,certified,False,State Auditor,,David Ewer,,,,,Democrat,,Broadwater,ocd-division/country:us/state:mt/county:broadwater,80,,,,,2000
2016-01-30 15:57:28.232000,mt-2000-06-06-primary,2000-06-06 00:00:00,2000-06-06 00:00:00,primary,certified,False,State Auditor,,David Ewer,,,,,Democrat,,Blaine,ocd-division/country:us/state:mt/county:blaine,122,,,,,2000
2016-01-30 15:57:28.232000,mt-2000-06-06-primary,2000-06-06 00:00:00,2000-06-06 00:00:00,primary,certified,False,State Auditor,,David Ewer,,,,,Democrat,,Big Horn,ocd-division/country:us/state:mt/county:big_horn,295,,,,,2000
2016-01-30 15:57:28.232000,mt-2000-06-06-primary,2000-06-06 00:00:00,2000-06-06 00:00:00,primary,certified,False,State Auditor,,David Ewer,,,,,Democrat,,Beaverhead,ocd-division/country:us/state:mt/county:beaverhead,80,,,,,2000
2016-01-30 15:57:28.232000,mt-2000-06-06-primary,2000-06-06 00:00:00,2000-06-06 00:00:00,primary,certified,False,Attorney General,,Jim Rice,,,,,Republican,,Yellowstone,ocd-division/country:us/state:mt/county:yellowstone,11168,,,,,2000
2016-01-30 15:57:28.232000,mt-2000-06-06-primary,2000-06-06 00:00:00,2000-06-06 00:00:00,primary,certified,False,Attorney General,,Jim Rice,,,,,Republican,,Wibaux,ocd-division/country:us/state:mt/county:wibaux,114,,,,,2000
2016-01-30 15:57:28.232000,mt-2000-06-06-primary,2000-06-06 00:00:00,2000-06-06 00:00:00,primary,certified,False,Attorney General,,Jim Rice,,,,,Republican,,Wheatland,ocd-division/country:us/state:mt/county:wheatland,320,,,,,2000
2016-01-30 15:57:28.232000,mt-2000-06-06-primary,2000-06-06 00:00:00,2000-06-06 00:00:00,primary,certified,False,Attorney General,,Jim Rice,,,,,Republican,,Valley,ocd-division/country:us/state:mt/county:valley,1136,,,,,2000
2016-01-30 15:57:28.232000,mt-2000-06-06-primary,2000-06-06 00:00:00,2000-06-06 00:00:00,primary,certified,False,Attorney General,,Jim Rice,,,,,Republican,,Treasure,ocd-division/country:us/state:mt/county:treasure,143,,,,,2000
2016-01-30 15:57:28.232000,mt-2000-06-06-primary,2000-06-06 00:00:00,2000-06-06 00:00:00,primary,certified,False,Attorney General,,Jim Rice,,,,,Republican,,Toole,ocd-division/country:us/state:mt/county:toole,755,,,,,2000
2016-01-30 15:57:28.232000,mt-2000-06-06-primary,2000-06-06 00:00:00,2000-06-06 00:00:00,primary,certified,False,Attorney General,,Jim Rice,,,,,Republican,,Teton,ocd-division/country:us/state:mt/county:teton,1090,,,,,2000
2016-01-30 15:57:28.232000,mt-2000-06-06-primary,2000-06-06 00:00:00,2000-06-06 00:00:00,primary,certified,False,Attorney General,,Jim Rice,,,,,Republican,,Sweet Grass,ocd-division/country:us/state:mt/county:sweet_grass,672,,,,,2000
2016-01-30 15:57:28.232000,mt-2000-06-06-primary,2000-06-06 00:00:00,2000-06-06 00:00:00,primary,certified,False,Attorney General,,Jim Rice,,,,,Republican,,Stillwater,ocd-division/country:us/state:mt/county:stillwater,1110,,,,,2000
2016-01-30 15:57:28.232000,mt-2000-06-06-primary,2000-06-06 00:00:00,2000-06-06 00:00:00,primary,certified,False,Attorney General,,Jim Rice,,,,,Republican,,Silver Bow,ocd-division/country:us/state:mt/county:silver_bow,2152,,,,,2000
2016-01-30 15:57:28.232000,mt-2000-06-06-primary,2000-06-06 00:00:00,2000-06-06 00:00:00,primary,certified,False,Attorney General,,Jim Rice,,,,,Republican,,Sheridan,ocd-division/country:us/state:mt/county:sheridan,340,,,,,2000
2016-01-30 15:57:28.232000,mt-2000-06-06-primary,2000-06-06 00:00:00,2000-06-06 00:00:00,primary,certified,False,Attorney General,,Jim Rice,,,,,Republican,,Sanders,ocd-division/country:us/state:mt/county:sanders,1099,,,,,2000
2016-01-30 15:57:28.232000,mt-2000-06-06-primary,2000-06-06 00:00:00,2000-06-06 00:00:00,primary,certified,False,Attorney General,,Jim Rice,,,,,Republican,,Rosebud,ocd-division/country:us/state:mt/county:rosebud,568,,,,,2000
2016-01-30 15:57:28.232000,mt-2000-06-06-primary,2000-06-06 00:00:00,2000-06-06 00:00:00,primary,certified,False,Attorney General,,Jim Rice,,,,,Republican,,Roosevelt,ocd-division/country:us/state:mt/county:roosevelt,435,,,,,2000
2016-01-30 15:57:28.232000,mt-2000-06-06-primary,2000-06-06 00:00:00,2000-06-06 00:00:00,primary,certified,False,Attorney General,,Jim Rice,,,,,Republican,,Richland,ocd-division/country:us/state:mt/county:richland,950,,,,,2000
2016-01-30 15:57:28.232000,mt-2000-06-06-primary,2000-06-06 00:00:00,2000-06-06 00:00:00,primary,certified,False,Attorney General,,Jim Rice,,,,,Republican,,Ravalli,ocd-division/country:us/state:mt/county:ravalli,5203,,,,,2000
2016-01-30 15:57:28.232000,mt-2000-06-06-primary,2000-06-06 00:00:00,2000-06-06 00:00:00,primary,certified,False,Attorney General,,Jim Rice,,,,,Republican,,Prairie,ocd-division/country:us/state:mt/county:prairie,321,,,,,2000
2016-01-30 15:57:28.232000,mt-2000-06-06-primary,2000-06-06 00:00:00,2000-06-06 00:00:00,primary,certified,False,Attorney General,,Jim Rice,,,,,Republican,,Powell,ocd-division/country:us/state:mt/county:powell,765,,,,,2000
2016-01-30 15:57:28.232000,mt-2000-06-06-primary,2000-06-06 00:00:00,2000-06-06 00:00:00,primary,certified,False,Attorney General,,Jim Rice,,,,,Republican,,Powder River,ocd-division/country:us/state:mt/county:powder_river,378,,,,,2000
2016-01-30 15:57:28.232000,mt-2000-06-06-primary,2000-06-06 00:00:00,2000-06-06 00:00:00,primary,certified,False,Attorney General,,Jim Rice,,,,,Republican,,Pondera,ocd-division/country:us/state:mt/county:pondera,875,,,,,2000
2016-01-30 15:57:28.232000,mt-2000-06-06-primary,2000-06-06 00:00:00,2000-06-06 00:00:00,primary,certified,False,Attorney General,,Jim Rice,,,,,Republican,,Phillips,ocd-division/country:us/state:mt/county:phillips,887,,,,,2000
2016-01-30 15:57:28.232000,mt-2000-06-06-primary,2000-06-06 00:00:00,2000-06-06 00:00:00,primary,certified,False,Attorney General,,Jim Rice,,,,,Republican,,Petroleum,ocd-division/country:us/state:mt/county:petroleum,103,,,,,2000
2016-01-30 15:57:28.232000,mt-2000-06-06-primary,2000-06-06 00:00:00,2000-06-06 00:00:00,primary,certified,False,Attorney General,,Jim Rice,,,,,Republican,,Park,ocd-division/country:us/state:mt/county:park,1631,,,,,2000
2016-01-30 15:57:28.232000,mt-2000-06-06-primary,2000-06-06 00:00:00,2000-06-06 00:00:00,primary,certified,False,Attorney General,,Jim Rice,,,,,Republican,,Musselshell,ocd-division/country:us/state:mt/county:musselshell,873,,,,,2000
2016-01-30 15:57:28.232000,mt-2000-06-06-primary,2000-06-06 00:00:00,2000-06-06 00:00:00,primary,certified,False,Attorney General,,Jim Rice,,,,,Republican,,Missoula,ocd-division/country:us/state:mt/county:missoula,6794,,,,,2000
2016-01-30 15:57:28.232000,mt-2000-06-06-primary,2000-06-06 00:00:00,2000-06-06 00:00:00,primary,certified,False,Attorney General,,Jim Rice,,,,,Republican,,Mineral,ocd-division/country:us/state:mt/county:mineral,323,,,,,2000
2016-01-30 15:57:28.232000,mt-2000-06-06-primary,2000-06-06 00:00:00,2000-06-06 00:00:00,primary,certified,False,Attorney General,,Jim Rice,,,,,Republican,,Meagher,ocd-division/country:us/state:mt/county:meagher,305,,,,,2000
2016-01-30 15:57:28.232000,mt-2000-06-06-primary,2000-06-06 00:00:00,2000-06-06 00:00:00,primary,certified,False,Attorney General,,Jim Rice,,,,,Republican,,McCone,ocd-division/country:us/state:mt/county:mccone,324,,,,,2000
2016-01-30 15:57:28.232000,mt-2000-06-06-primary,2000-06-06 00:00:00,2000-06-06 00:00:00,primary,certified,False,Attorney General,,Jim Rice,,,,,Republican,,Madison,ocd-division/country:us/state:mt/county:madison,1197,,,,,2000
2016-01-30 15:57:28.232000,mt-2000-06-06-primary,2000-06-06 00:00:00,2000-06-06 00:00:00,primary,certified,False,Attorney General,,Jim Rice,,,,,Republican,,Lincoln,ocd-division/country:us/state:mt/county:lincoln,1869,,,,,2000
2016-01-30 15:57:28.232000,mt-2000-06-06-primary,2000-06-06 00:00:00,2000-06-06 00:00:00,primary,certified,False,Attorney General,,Jim Rice,,,,,Republican,,Liberty,ocd-division/country:us/state:mt/county:liberty,367,,,,,2000
2016-01-30 15:57:28.232000,mt-2000-06-06-primary,2000-06-06 00:00:00,2000-06-06 00:00:00,primary,certified,False,Attorney General,,Jim Rice,,,,,Republican,,Lewis & Clark,ocd-division/country:us/state:mt/county:lewis_and_clark,5217,,,,,2000
2016-01-30 15:57:28.232000,mt-2000-06-06-primary,2000-06-06 00:00:00,2000-06-06 00:00:00,primary,certified,False,Attorney General,,Jim Rice,,,,,Republican,,Lake,ocd-division/country:us/state:mt/county:lake,2942,,,,,2000
2016-01-30 15:57:28.232000,mt-2000-06-06-primary,2000-06-06 00:00:00,2000-06-06 00:00:00,primary,certified,False,Attorney General,,Jim Rice,,,,,Republican,,Judith Basin,ocd-division/country:us/state:mt/county:judith_basin,434,,,,,2000
2016-01-30 15:57:28.232000,mt-2000-06-06-primary,2000-06-06 00:00:00,2000-06-06 00:00:00,primary,certified,False,Attorney General,,Jim Rice,,,,,Republican,,Jefferson,ocd-division/country:us/state:mt/county:jefferson,1325,,,,,2000
2016-01-30 15:57:28.232000,mt-2000-06-06-primary,2000-06-06 00:00:00,2000-06-06 00:00:00,primary,certified,False,Attorney General,,Jim Rice,,,,,Republican,,Hill,ocd-division/country:us/state:mt/county:hill,1111,,,,,2000
2016-01-30 15:57:28.232000,mt-2000-06-06-primary,2000-06-06 00:00:00,2000-06-06 00:00:00,primary,certified,False,Attorney General,,Jim Rice,,,,,Republican,,Granite,ocd-division/country:us/state:mt/county:granite,503,,,,,2000
2016-01-30 15:57:28.232000,mt-2000-06-06-primary,2000-06-06 00:00:00,2000-06-06 00:00:00,primary,certified,False,Attorney General,,Jim Rice,,,,,Republican,,Golden Valley,ocd-division/country:us/state:mt/county:golden_valley,182,,,,,2000
2016-01-30 15:57:28.232000,mt-2000-06-06-primary,2000-06-06 00:00:00,2000-06-06 00:00:00,primary,certified,False,Attorney General,,Jim Rice,,,,,Republican,,Glacier,ocd-division/country:us/state:mt/county:glacier,507,,,,,2000
2016-01-30 15:57:28.232000,mt-2000-06-06-primary,2000-06-06 00:00:00,2000-06-06 00:00:00,primary,certified,False,Attorney General,,Jim Rice,,,,,Republican,,Garfield,ocd-division/country:us/state:mt/county:garfield,267,,,,,2000
2016-01-30 15:57:28.232000,mt-2000-06-06-primary,2000-06-06 00:00:00,2000-06-06 00:00:00,primary,certified,False,Attorney General,,Jim Rice,,,,,Republican,,Gallatin,ocd-division/country:us/state:mt/county:gallatin,5731,,,,,2000
2016-01-30 15:57:28.232000,mt-2000-06-06-primary,2000-06-06 00:00:00,2000-06-06 00:00:00,primary,certified,False,Attorney General,,Jim Rice,,,,,Republican,,Flathead,ocd-division/country:us/state:mt/county:flathead,8743,,,,,2000
2016-01-30 15:57:28.232000,mt-2000-06-06-primary,2000-06-06 00:00:00,2000-06-06 00:00:00,primary,certified,False,Attorney General,,Jim Rice,,,,,Republican,,Fergus,ocd-division/country:us/state:mt/county:fergus,2259,,,,,2000
2016-01-30 15:57:28.232000,mt-2000-06-06-primary,2000-06-06 00:00:00,2000-06-06 00:00:00,primary,certified,False,Attorney General,,Jim Rice,,,,,Republican,,Fallon,ocd-division/country:us/state:mt/county:fallon,492,,,,,2000
2016-01-30 15:57:28.232000,mt-2000-06-06-primary,2000-06-06 00:00:00,2000-06-06 00:00:00,primary,certified,False,Attorney General,,Jim Rice,,,,,Republican,,Deer Lodge,ocd-division/country:us/state:mt/county:deer_lodge,507,,,,,2000
2016-01-30 15:57:28.232000,mt-2000-06-06-primary,2000-06-06 00:00:00,2000-06-06 00:00:00,primary,certified,False,Attorney General,,Jim Rice,,,,,Republican,,Dawson,ocd-division/country:us/state:mt/county:dawson,1266,,,,,2000
2016-01-30 15:57:28.232000,mt-2000-06-06-primary,2000-06-06 00:00:00,2000-06-06 00:00:00,primary,certified,False,Attorney General,,Jim Rice,,,,,Republican,,Daniels,ocd-division/country:us/state:mt/county:daniels,326,,,,,2000
2016-01-30 15:57:28.232000,mt-2000-06-06-primary,2000-06-06 00:00:00,2000-06-06 00:00:00,primary,certified,False,Attorney General,,Jim Rice,,,,,Republican,,Custer,ocd-division/country:us/state:mt/county:custer,1234,,,,,2000
2016-01-30 15:57:28.232000,mt-2000-06-06-primary,2000-06-06 00:00:00,2000-06-06 00:00:00,primary,certified,False,Attorney General,,Jim Rice,,,,,Republican,,Chouteau,ocd-division/country:us/state:mt/county:chouteau,1043,,,,,2000
2016-01-30 15:57:28.232000,mt-2000-06-06-primary,2000-06-06 00:00:00,2000-06-06 00:00:00,primary,certified,False,Attorney General,,Jim Rice,,,,,Republican,,Cascade,ocd-division/country:us/state:mt/county:cascade,6138,,,,,2000
2016-01-30 15:57:28.232000,mt-2000-06-06-primary,2000-06-06 00:00:00,2000-06-06 00:00:00,primary,certified,False,Attorney General,,Jim Rice,,,,,Republican,,Carter,ocd-division/country:us/state:mt/county:carter,296,,,,,2000
2016-01-30 15:57:28.232000,mt-2000-06-06-primary,2000-06-06 00:00:00,2000-06-06 00:00:00,primary,certified,False,Attorney General,,Jim Rice,,,,,Republican,,Carbon,ocd-division/country:us/state:mt/county:carbon,1132,,,,,2000
2016-01-30 15:57:28.232000,mt-2000-06-06-primary,2000-06-06 00:00:00,2000-06-06 00:00:00,primary,certified,False,Attorney General,,Jim Rice,,,,,Republican,,Broadwater,ocd-division/country:us/state:mt/county:broadwater,616,,,,,2000
2016-01-30 15:57:28.232000,mt-2000-06-06-primary,2000-06-06 00:00:00,2000-06-06 00:00:00,primary,certified,False,Attorney General,,Jim Rice,,,,,Republican,,Blaine,ocd-division/country:us/state:mt/county:blaine,496,,,,,2000
2016-01-30 15:57:28.232000,mt-2000-06-06-primary,2000-06-06 00:00:00,2000-06-06 00:00:00,primary,certified,False,Attorney General,,Jim Rice,,,,,Republican,,Big Horn,ocd-division/country:us/state:mt/county:big_horn,623,,,,,2000
2016-01-30 15:57:28.232000,mt-2000-06-06-primary,2000-06-06 00:00:00,2000-06-06 00:00:00,primary,certified,False,Attorney General,,Jim Rice,,,,,Republican,,Beaverhead,ocd-division/country:us/state:mt/county:beaverhead,1602,,,,,2000
2016-01-30 15:57:28.232000,mt-2000-06-06-primary,2000-06-06 00:00:00,2000-06-06 00:00:00,primary,certified,False,Attorney General,,Mike McGrath,,,,,Democrat,,Yellowstone,ocd-division/country:us/state:mt/county:yellowstone,7120,,,,,2000
2016-01-30 15:57:28.232000,mt-2000-06-06-primary,2000-06-06 00:00:00,2000-06-06 00:00:00,primary,certified,False,Attorney General,,Mike McGrath,,,,,Democrat,,Wibaux,ocd-division/country:us/state:mt/county:wibaux,91,,,,,2000
2016-01-30 15:57:28.232000,mt-2000-06-06-primary,2000-06-06 00:00:00,2000-06-06 00:00:00,primary,certified,False,Attorney General,,Mike McGrath,,,,,Democrat,,Wheatland,ocd-division/country:us/state:mt/county:wheatland,104,,,,,2000
2016-01-30 15:57:28.232000,mt-2000-06-06-primary,2000-06-06 00:00:00,2000-06-06 00:00:00,primary,certified,False,Attorney General,,Mike McGrath,,,,,Democrat,,Valley,ocd-division/country:us/state:mt/county:valley,647,,,,,2000
2016-01-30 15:57:28.232000,mt-2000-06-06-primary,2000-06-06 00:00:00,2000-06-06 00:00:00,primary,certified,False,Attorney General,,Mike McGrath,,,,,Democrat,,Treasure,ocd-division/country:us/state:mt/county:treasure,81,,,,,2000
2016-01-30 15:57:28.232000,mt-2000-06-06-primary,2000-06-06 00:00:00,2000-06-06 00:00:00,primary,certified,False,Attorney General,,Mike McGrath,,,,,Democrat,,Toole,ocd-division/country:us/state:mt/county:toole,317,,,,,2000
2016-01-30 15:57:28.232000,mt-2000-06-06-primary,2000-06-06 00:00:00,2000-06-06 00:00:00,primary,certified,False,Attorney General,,Mike McGrath,,,,,Democrat,,Teton,ocd-division/country:us/state:mt/county:teton,432,,,,,2000
2016-01-30 15:57:28.232000,mt-2000-06-06-primary,2000-06-06 00:00:00,2000-06-06 00:00:00,primary,certified,False,Attorney General,,Mike McGrath,,,,,Democrat,,Sweet Grass,ocd-division/country:us/state:mt/county:sweet_grass,115,,,,,2000
2016-01-30 15:57:28.232000,mt-2000-06-06-primary,2000-06-06 00:00:00,2000-06-06 00:00:00,primary,certified,False,Attorney General,,Mike McGrath,,,,,Democrat,,Stillwater,ocd-division/country:us/state:mt/county:stillwater,461,,,,,2000
2016-01-30 15:57:28.232000,mt-2000-06-06-primary,2000-06-06 00:00:00,2000-06-06 00:00:00,primary,certified,False,Attorney General,,Mike McGrath,,,,,Democrat,,Silver Bow,ocd-division/country:us/state:mt/county:silver_bow,5504,,,,,2000
2016-01-30 15:57:28.232000,mt-2000-06-06-primary,2000-06-06 00:00:00,2000-06-06 00:00:00,primary,certified,False,Attorney General,,Mike McGrath,,,,,Democrat,,Sheridan,ocd-division/country:us/state:mt/county:sheridan,273,,,,,2000
2016-01-30 15:57:28.232000,mt-2000-06-06-primary,2000-06-06 00:00:00,2000-06-06 00:00:00,primary,certified,False,Attorney General,,Mike McGrath,,,,,Democrat,,Sanders,ocd-division/country:us/state:mt/county:sanders,579,,,,,2000
2016-01-30 15:57:28.232000,mt-2000-06-06-primary,2000-06-06 00:00:00,2000-06-06 00:00:00,primary,certified,False,Attorney General,,Mike McGrath,,,,,Democrat,,Rosebud,ocd-division/country:us/state:mt/county:rosebud,453,,,,,2000
2016-01-30 15:57:28.232000,mt-2000-06-06-primary,2000-06-06 00:00:00,2000-06-06 00:00:00,primary,certified,False,Attorney General,,Mike McGrath,,,,,Democrat,,Roosevelt,ocd-division/country:us/state:mt/county:roosevelt,596,,,,,2000
2016-01-30 15:57:28.232000,mt-2000-06-06-primary,2000-06-06 00:00:00,2000-06-06 00:00:00,primary,certified,False,Attorney General,,Mike McGrath,,,,,Democrat,,Richland,ocd-division/country:us/state:mt/county:richland,455,,,,,2000
2016-01-30 15:57:28.232000,mt-2000-06-06-primary,2000-06-06 00:00:00,2000-06-06 00:00:00,primary,certified,False,Attorney General,,Mike McGrath,,,,,Democrat,,Ravalli,ocd-division/country:us/state:mt/county:ravalli,1552,,,,,2000
2016-01-30 15:57:28.232000,mt-2000-06-06-primary,2000-06-06 00:00:00,2000-06-06 00:00:00,primary,certified,False,Attorney General,,Mike McGrath,,,,,Democrat,,Prairie,ocd-division/country:us/state:mt/county:prairie,62,,,,,2000
2016-01-30 15:57:28.232000,mt-2000-06-06-primary,2000-06-06 00:00:00,2000-06-06 00:00:00,primary,certified,False,Attorney General,,Mike McGrath,,,,,Democrat,,Powell,ocd-division/country:us/state:mt/county:powell,373,,,,,2000
2016-01-30 15:57:28.232000,mt-2000-06-06-primary,2000-06-06 00:00:00,2000-06-06 00:00:00,primary,certified,False,Attorney General,,Mike McGrath,,,,,Democrat,,Powder River,ocd-division/country:us/state:mt/county:powder_river,22,,,,,2000
2016-01-30 15:57:28.232000,mt-2000-06-06-primary,2000-06-06 00:00:00,2000-06-06 00:00:00,primary,certified,False,Attorney General,,Mike McGrath,,,,,Democrat,,Pondera,ocd-division/country:us/state:mt/county:pondera,535,,,,,2000
2016-01-30 15:57:28.232000,mt-2000-06-06-primary,2000-06-06 00:00:00,2000-06-06 00:00:00,primary,certified,False,Attorney General,,Mike McGrath,,,,,Democrat,,Phillips,ocd-division/country:us/state:mt/county:phillips,142,,,,,2000
2016-01-30 15:57:28.232000,mt-2000-06-06-primary,2000-06-06 00:00:00,2000-06-06 00:00:00,primary,certified,False,Attorney General,,Mike McGrath,,,,,Democrat,,Petroleum,ocd-division/country:us/state:mt/county:petroleum,20,,,,,2000
2016-01-30 15:57:28.232000,mt-2000-06-06-primary,2000-06-06 00:00:00,2000-06-06 00:00:00,primary,certified,False,Attorney General,,Mike McGrath,,,,,Democrat,,Park,ocd-division/country:us/state:mt/county:park,794,,,,,2000
2016-01-30 15:57:28.232000,mt-2000-06-06-primary,2000-06-06 00:00:00,2000-06-06 00:00:00,primary,certified,False,Attorney General,,Mike McGrath,,,,,Democrat,,Musselshell,ocd-division/country:us/state:mt/county:musselshell,231,,,,,2000
2016-01-30 15:57:28.232000,mt-2000-06-06-primary,2000-06-06 00:00:00,2000-06-06 00:00:00,primary,certified,False,Attorney General,,Mike McGrath,,,,,Democrat,,Missoula,ocd-division/country:us/state:mt/county:missoula,7919,,,,,2000
2016-01-30 15:57:28.232000,mt-2000-06-06-primary,2000-06-06 00:00:00,2000-06-06 00:00:00,primary,certified,False,Attorney General,,Mike McGrath,,,,,Democrat,,Mineral,ocd-division/country:us/state:mt/county:mineral,275,,,,,2000
2016-01-30 15:57:28.232000,mt-2000-06-06-primary,2000-06-06 00:00:00,2000-06-06 00:00:00,primary,certified,False,Attorney General,,Mike McGrath,,,,,Democrat,,Meagher,ocd-division/country:us/state:mt/county:meagher,104,,,,,2000
2016-01-30 15:57:28.232000,mt-2000-06-06-primary,2000-06-06 00:00:00,2000-06-06 00:00:00,primary,certified,False,Attorney General,,Mike McGrath,,,,,Democrat,,McCone,ocd-division/country:us/state:mt/county:mccone,159,,,,,2000
2016-01-30 15:57:28.232000,mt-2000-06-06-primary,2000-06-06 00:00:00,2000-06-06 00:00:00,primary,certified,False,Attorney General,,Mike McGrath,,,,,Democrat,,Madison,ocd-division/country:us/state:mt/county:madison,281,,,,,2000
2016-01-30 15:57:28.232000,mt-2000-06-06-primary,2000-06-06 00:00:00,2000-06-06 00:00:00,primary,certified,False,Attorney General,,Mike McGrath,,,,,Democrat,,Lincoln,ocd-division/country:us/state:mt/county:lincoln,847,,,,,2000
2016-01-30 15:57:28.232000,mt-2000-06-06-primary,2000-06-06 00:00:00,2000-06-06 00:00:00,primary,certified,False,Attorney General,,Mike McGrath,,,,,Democrat,,Liberty,ocd-division/country:us/state:mt/county:liberty,144,,,,,2000
2016-01-30 15:57:28.232000,mt-2000-06-06-primary,2000-06-06 00:00:00,2000-06-06 00:00:00,primary,certified,False,Attorney General,,Mike McGrath,,,,,Democrat,,Lewis & Clark,ocd-division/country:us/state:mt/county:lewis_and_clark,7055,,,,,2000
2016-01-30 15:57:28.232000,mt-2000-06-06-primary,2000-06-06 00:00:00,2000-06-06 00:00:00,primary,certified,False,Attorney General,,Mike McGrath,,,,,Democrat,,Lake,ocd-division/country:us/state:mt/county:lake,1256,,,,,2000
2016-01-30 15:57:28.232000,mt-2000-06-06-primary,2000-06-06 00:00:00,2000-06-06 00:00:00,primary,certified,False,Attorney General,,Mike McGrath,,,,,Democrat,,Judith Basin,ocd-division/country:us/state:mt/county:judith_basin,180,,,,,2000
2016-01-30 15:57:28.232000,mt-2000-06-06-primary,2000-06-06 00:00:00,2000-06-06 00:00:00,primary,certified,False,Attorney General,,Mike McGrath,,,,,Democrat,,Jefferson,ocd-division/country:us/state:mt/county:jefferson,925,,,,,2000
2016-01-30 15:57:28.232000,mt-2000-06-06-primary,2000-06-06 00:00:00,2000-06-06 00:00:00,primary,certified,False,Attorney General,,Mike McGrath,,,,,Democrat,,Hill,ocd-division/country:us/state:mt/county:hill,1569,,,,,2000
2016-01-30 15:57:28.232000,mt-2000-06-06-primary,2000-06-06 00:00:00,2000-06-06 00:00:00,primary,certified,False,Attorney General,,Mike McGrath,,,,,Democrat,,Granite,ocd-division/country:us/state:mt/county:granite,135,,,,,2000
2016-01-30 15:57:28.232000,mt-2000-06-06-primary,2000-06-06 00:00:00,2000-06-06 00:00:00,primary,certified,False,Attorney General,,Mike McGrath,,,,,Democrat,,Golden Valley,ocd-division/country:us/state:mt/county:golden_valley,42,,,,,2000
2016-01-30 15:57:28.232000,mt-2000-06-06-primary,2000-06-06 00:00:00,2000-06-06 00:00:00,primary,certified,False,Attorney General,,Mike McGrath,,,,,Democrat,,Glacier,ocd-division/country:us/state:mt/county:glacier,860,,,,,2000
2016-01-30 15:57:28.232000,mt-2000-06-06-primary,2000-06-06 00:00:00,2000-06-06 00:00:00,primary,certified,False,Attorney General,,Mike McGrath,,,,,Democrat,,Garfield,ocd-division/country:us/state:mt/county:garfield,46,,,,,2000
2016-01-30 15:57:28.232000,mt-2000-06-06-primary,2000-06-06 00:00:00,2000-06-06 00:00:00,primary,certified,False,Attorney General,,Mike McGrath,,,,,Democrat,,Gallatin,ocd-division/country:us/state:mt/county:gallatin,2426,,,,,2000
2016-01-30 15:57:28.232000,mt-2000-06-06-primary,2000-06-06 00:00:00,2000-06-06 00:00:00,primary,certified,False,Attorney General,,Mike McGrath,,,,,Democrat,,Flathead,ocd-division/country:us/state:mt/county:flathead,3172,,,,,2000
2016-01-30 15:57:28.232000,mt-2000-06-06-primary,2000-06-06 00:00:00,2000-06-06 00:00:00,primary,certified,False,Attorney General,,Mike McGrath,,,,,Democrat,,Fergus,ocd-division/country:us/state:mt/county:fergus,757,,,,,2000
2016-01-30 15:57:28.232000,mt-2000-06-06-primary,2000-06-06 00:00:00,2000-06-06 00:00:00,primary,certified,False,Attorney General,,Mike McGrath,,,,,Democrat,,Fallon,ocd-division/country:us/state:mt/county:fallon,138,,,,,2000
2016-01-30 15:57:28.232000,mt-2000-06-06-primary,2000-06-06 00:00:00,2000-06-06 00:00:00,primary,certified,False,Attorney General,,Mike McGrath,,,,,Democrat,,Deer Lodge,ocd-division/country:us/state:mt/county:deer_lodge,1899,,,,,2000
2016-01-30 15:57:28.232000,mt-2000-06-06-primary,2000-06-06 00:00:00,2000-06-06 00:00:00,primary,certified,False,Attorney General,,Mike McGrath,,,,,Democrat,,Dawson,ocd-division/country:us/state:mt/county:dawson,581,,,,,2000
2016-01-30 15:57:28.232000,mt-2000-06-06-primary,2000-06-06 00:00:00,2000-06-06 00:00:00,primary,certified,False,Attorney General,,Mike McGrath,,,,,Democrat,,Daniels,ocd-division/country:us/state:mt/county:daniels,90,,,,,2000
2016-01-30 15:57:28.232000,mt-2000-06-06-primary,2000-06-06 00:00:00,2000-06-06 00:00:00,primary,certified,False,Attorney General,,Mike McGrath,,,,,Democrat,,Custer,ocd-division/country:us/state:mt/county:custer,817,,,,,2000
2016-01-30 15:57:28.232000,mt-2000-06-06-primary,2000-06-06 00:00:00,2000-06-06 00:00:00,primary,certified,False,Attorney General,,Mike McGrath,,,,,Democrat,,Chouteau,ocd-division/country:us/state:mt/county:chouteau,321,,,,,2000
2016-01-30 15:57:28.232000,mt-2000-06-06-primary,2000-06-06 00:00:00,2000-06-06 00:00:00,primary,certified,False,Attorney General,,Mike McGrath,,,,,Democrat,,Cascade,ocd-division/country:us/state:mt/county:cascade,6190,,,,,2000
2016-01-30 15:57:28.232000,mt-2000-06-06-primary,2000-06-06 00:00:00,2000-06-06 00:00:00,primary,certified,False,Attorney General,,Mike McGrath,,,,,Democrat,,Carter,ocd-division/country:us/state:mt/county:carter,31,,,,,2000
2016-01-30 15:57:28.232000,mt-2000-06-06-primary,2000-06-06 00:00:00,2000-06-06 00:00:00,primary,certified,False,Attorney General,,Mike McGrath,,,,,Democrat,,Carbon,ocd-division/country:us/state:mt/county:carbon,589,,,,,2000
2016-01-30 15:57:28.232000,mt-2000-06-06-primary,2000-06-06 00:00:00,2000-06-06 00:00:00,primary,certified,False,Attorney General,,Mike McGrath,,,,,Democrat,,Broadwater,ocd-division/country:us/state:mt/county:broadwater,308,,,,,2000
2016-01-30 15:57:28.232000,mt-2000-06-06-primary,2000-06-06 00:00:00,2000-06-06 00:00:00,primary,certified,False,Attorney General,,Mike McGrath,,,,,Democrat,,Blaine,ocd-division/country:us/state:mt/county:blaine,444,,,,,2000
2016-01-30 15:57:28.232000,mt-2000-06-06-primary,2000-06-06 00:00:00,2000-06-06 00:00:00,primary,certified,False,Attorney General,,Mike McGrath,,,,,Democrat,,Big Horn,ocd-division/country:us/state:mt/county:big_horn,575,,,,,2000
2016-01-30 15:57:28.232000,mt-2000-06-06-primary,2000-06-06 00:00:00,2000-06-06 00:00:00,primary,certified,False,Attorney General,,Mike McGrath,,,,,Democrat,,Beaverhead,ocd-division/country:us/state:mt/county:beaverhead,306,,,,,2000
2016-01-30 15:57:28.232000,mt-2000-06-06-primary,2000-06-06 00:00:00,2000-06-06 00:00:00,primary,certified,False,Attorney General,,Steve Bullock,,,,,Democrat,,Yellowstone,ocd-division/country:us/state:mt/county:yellowstone,2491,,,,,2000
2016-01-30 15:57:28.232000,mt-2000-06-06-primary,2000-06-06 00:00:00,2000-06-06 00:00:00,primary,certified,False,Attorney General,,Steve Bullock,,,,,Democrat,,Wibaux,ocd-division/country:us/state:mt/county:wibaux,32,,,,,2000
2016-01-30 15:57:28.232000,mt-2000-06-06-primary,2000-06-06 00:00:00,2000-06-06 00:00:00,primary,certified,False,Attorney General,,Steve Bullock,,,,,Democrat,,Wheatland,ocd-division/country:us/state:mt/county:wheatland,49,,,,,2000
2016-01-30 15:57:28.232000,mt-2000-06-06-primary,2000-06-06 00:00:00,2000-06-06 00:00:00,primary,certified,False,Attorney General,,Steve Bullock,,,,,Democrat,,Valley,ocd-division/country:us/state:mt/county:valley,195,,,,,2000
2016-01-30 15:57:28.232000,mt-2000-06-06-primary,2000-06-06 00:00:00,2000-06-06 00:00:00,primary,certified,False,Attorney General,,Steve Bullock,,,,,Democrat,,Treasure,ocd-division/country:us/state:mt/county:treasure,19,,,,,2000
2016-01-30 15:57:28.232000,mt-2000-06-06-primary,2000-06-06 00:00:00,2000-06-06 00:00:00,primary,certified,False,Attorney General,,Steve Bullock,,,,,Democrat,,Toole,ocd-division/country:us/state:mt/county:toole,159,,,,,2000
2016-01-30 15:57:28.232000,mt-2000-06-06-primary,2000-06-06 00:00:00,2000-06-06 00:00:00,primary,certified,False,Attorney General,,Steve Bullock,,,,,Democrat,,Teton,ocd-division/country:us/state:mt/county:teton,185,,,,,2000
2016-01-30 15:57:28.232000,mt-2000-06-06-primary,2000-06-06 00:00:00,2000-06-06 00:00:00,primary,certified,False,Attorney General,,Steve Bullock,,,,,Democrat,,Sweet Grass,ocd-division/country:us/state:mt/county:sweet_grass,38,,,,,2000
2016-01-30 15:57:28.232000,mt-2000-06-06-primary,2000-06-06 00:00:00,2000-06-06 00:00:00,primary,certified,False,Attorney General,,Steve Bullock,,,,,Democrat,,Stillwater,ocd-division/country:us/state:mt/county:stillwater,148,,,,,2000
2016-01-30 15:57:28.232000,mt-2000-06-06-primary,2000-06-06 00:00:00,2000-06-06 00:00:00,primary,certified,False,Attorney General,,Steve Bullock,,,,,Democrat,,Silver Bow,ocd-division/country:us/state:mt/county:silver_bow,3484,,,,,2000
2016-01-30 15:57:28.232000,mt-2000-06-06-primary,2000-06-06 00:00:00,2000-06-06 00:00:00,primary,certified,False,Attorney General,,Steve Bullock,,,,,Democrat,,Sheridan,ocd-division/country:us/state:mt/county:sheridan,98,,,,,2000
2016-01-30 15:57:28.232000,mt-2000-06-06-primary,2000-06-06 00:00:00,2000-06-06 00:00:00,primary,certified,False,Attorney General,,Steve Bullock,,,,,Democrat,,Sanders,ocd-division/country:us/state:mt/county:sanders,236,,,,,2000
2016-01-30 15:57:28.232000,mt-2000-06-06-primary,2000-06-06 00:00:00,2000-06-06 00:00:00,primary,certified,False,Attorney General,,Steve Bullock,,,,,Democrat,,Rosebud,ocd-division/country:us/state:mt/county:rosebud,210,,,,,2000
2016-01-30 15:57:28.232000,mt-2000-06-06-primary,2000-06-06 00:00:00,2000-06-06 00:00:00,primary,certified,False,Attorney General,,Steve Bullock,,,,,Democrat,,Roosevelt,ocd-division/country:us/state:mt/county:roosevelt,233,,,,,2000
2016-01-30 15:57:28.232000,mt-2000-06-06-primary,2000-06-06 00:00:00,2000-06-06 00:00:00,primary,certified,False,Attorney General,,Steve Bullock,,,,,Democrat,,Richland,ocd-division/country:us/state:mt/county:richland,197,,,,,2000
2016-01-30 15:57:28.232000,mt-2000-06-06-primary,2000-06-06 00:00:00,2000-06-06 00:00:00,primary,certified,False,Attorney General,,Steve Bullock,,,,,Democrat,,Ravalli,ocd-division/country:us/state:mt/county:ravalli,629,,,,,2000
2016-01-30 15:57:28.232000,mt-2000-06-06-primary,2000-06-06 00:00:00,2000-06-06 00:00:00,primary,certified,False,Attorney General,,Steve Bullock,,,,,Democrat,,Prairie,ocd-division/country:us/state:mt/county:prairie,37,,,,,2000
2016-01-30 15:57:28.232000,mt-2000-06-06-primary,2000-06-06 00:00:00,2000-06-06 00:00:00,primary,certified,False,Attorney General,,Steve Bullock,,,,,Democrat,,Powell,ocd-division/country:us/state:mt/county:powell,147,,,,,2000
2016-01-30 15:57:28.232000,mt-2000-06-06-primary,2000-06-06 00:00:00,2000-06-06 00:00:00,primary,certified,False,Attorney General,,Steve Bullock,,,,,Democrat,,Powder River,ocd-division/country:us/state:mt/county:powder_river,10,,,,,2000
2016-01-30 15:57:28.232000,mt-2000-06-06-primary,2000-06-06 00:00:00,2000-06-06 00:00:00,primary,certified,False,Attorney General,,Steve Bullock,,,,,Democrat,,Pondera,ocd-division/country:us/state:mt/county:pondera,218,,,,,2000
2016-01-30 15:57:28.232000,mt-2000-06-06-primary,2000-06-06 00:00:00,2000-06-06 00:00:00,primary,certified,False,Attorney General,,Steve Bullock,,,,,Democrat,,Phillips,ocd-division/country:us/state:mt/county:phillips,67,,,,,2000
2016-01-30 15:57:28.232000,mt-2000-06-06-primary,2000-06-06 00:00:00,2000-06-06 00:00:00,primary,certified,False,Attorney General,,Steve Bullock,,,,,Democrat,,Petroleum,ocd-division/country:us/state:mt/county:petroleum,13,,,,,2000
2016-01-30 15:57:28.232000,mt-2000-06-06-primary,2000-06-06 00:00:00,2000-06-06 00:00:00,primary,certified,False,Attorney General,,Steve Bullock,,,,,Democrat,,Park,ocd-division/country:us/state:mt/county:park,286,,,,,2000
2016-01-30 15:57:28.232000,mt-2000-06-06-primary,2000-06-06 00:00:00,2000-06-06 00:00:00,primary,certified,False,Attorney General,,Steve Bullock,,,,,Democrat,,Musselshell,ocd-division/country:us/state:mt/county:musselshell,90,,,,,2000
2016-01-30 15:57:28.232000,mt-2000-06-06-primary,2000-06-06 00:00:00,2000-06-06 00:00:00,primary,certified,False,Attorney General,,Steve Bullock,,,,,Democrat,,Missoula,ocd-division/country:us/state:mt/county:missoula,2741,,,,,2000
2016-01-30 15:57:28.232000,mt-2000-06-06-primary,2000-06-06 00:00:00,2000-06-06 00:00:00,primary,certified,False,Attorney General,,Steve Bullock,,,,,Democrat,,Mineral,ocd-division/country:us/state:mt/county:mineral,146,,,,,2000
2016-01-30 15:57:28.232000,mt-2000-06-06-primary,2000-06-06 00:00:00,2000-06-06 00:00:00,primary,certified,False,Attorney General,,Steve Bullock,,,,,Democrat,,Meagher,ocd-division/country:us/state:mt/county:meagher,31,,,,,2000
2016-01-30 15:57:28.232000,mt-2000-06-06-primary,2000-06-06 00:00:00,2000-06-06 00:00:00,primary,certified,False,Attorney General,,Steve Bullock,,,,,Democrat,,McCone,ocd-division/country:us/state:mt/county:mccone,42,,,,,2000
2016-01-30 15:57:28.232000,mt-2000-06-06-primary,2000-06-06 00:00:00,2000-06-06 00:00:00,primary,certified,False,Attorney General,,Steve Bullock,,,,,Democrat,,Madison,ocd-division/country:us/state:mt/county:madison,126,,,,,2000
2016-01-30 15:57:28.232000,mt-2000-06-06-primary,2000-06-06 00:00:00,2000-06-06 00:00:00,primary,certified,False,Attorney General,,Steve Bullock,,,,,Democrat,,Lincoln,ocd-division/country:us/state:mt/county:lincoln,270,,,,,2000
2016-01-30 15:57:28.232000,mt-2000-06-06-primary,2000-06-06 00:00:00,2000-06-06 00:00:00,primary,certified,False,Attorney General,,Steve Bullock,,,,,Democrat,,Liberty,ocd-division/country:us/state:mt/county:liberty,54,,,,,2000
2016-01-30 15:57:28.232000,mt-2000-06-06-primary,2000-06-06 00:00:00,2000-06-06 00:00:00,primary,certified,False,Attorney General,,Steve Bullock,,,,,Democrat,,Lewis & Clark,ocd-division/country:us/state:mt/county:lewis_and_clark,3824,,,,,2000
2016-01-30 15:57:28.232000,mt-2000-06-06-primary,2000-06-06 00:00:00,2000-06-06 00:00:00,primary,certified,False,Attorney General,,Steve Bullock,,,,,Democrat,,Lake,ocd-division/country:us/state:mt/county:lake,440,,,,,2000
2016-01-30 15:57:28.232000,mt-2000-06-06-primary,2000-06-06 00:00:00,2000-06-06 00:00:00,primary,certified,False,Attorney General,,Steve Bullock,,,,,Democrat,,Judith Basin,ocd-division/country:us/state:mt/county:judith_basin,87,,,,,2000
2016-01-30 15:57:28.232000,mt-2000-06-06-primary,2000-06-06 00:00:00,2000-06-06 00:00:00,primary,certified,False,Attorney General,,Steve Bullock,,,,,Democrat,,Jefferson,ocd-division/country:us/state:mt/county:jefferson,491,,,,,2000
2016-01-30 15:57:28.232000,mt-2000-06-06-primary,2000-06-06 00:00:00,2000-06-06 00:00:00,primary,certified,False,Attorney General,,Steve Bullock,,,,,Democrat,,Hill,ocd-division/country:us/state:mt/county:hill,536,,,,,2000
2016-01-30 15:57:28.232000,mt-2000-06-06-primary,2000-06-06 00:00:00,2000-06-06 00:00:00,primary,certified,False,Attorney General,,Steve Bullock,,,,,Democrat,,Granite,ocd-division/country:us/state:mt/county:granite,66,,,,,2000
2016-01-30 15:57:28.232000,mt-2000-06-06-primary,2000-06-06 00:00:00,2000-06-06 00:00:00,primary,certified,False,Attorney General,,Steve Bullock,,,,,Democrat,,Golden Valley,ocd-division/country:us/state:mt/county:golden_valley,16,,,,,2000
2016-01-30 15:57:28.232000,mt-2000-06-06-primary,2000-06-06 00:00:00,2000-06-06 00:00:00,primary,certified,False,Attorney General,,Steve Bullock,,,,,Democrat,,Glacier,ocd-division/country:us/state:mt/county:glacier,721,,,,,2000
2016-01-30 15:57:28.232000,mt-2000-06-06-primary,2000-06-06 00:00:00,2000-06-06 00:00:00,primary,certified,False,Attorney General,,Steve Bullock,,,,,Democrat,,Garfield,ocd-division/country:us/state:mt/county:garfield,7,,,,,2000
2016-01-30 15:57:28.232000,mt-2000-06-06-primary,2000-06-06 00:00:00,2000-06-06 00:00:00,primary,certified,False,Attorney General,,Steve Bullock,,,,,Democrat,,Gallatin,ocd-division/country:us/state:mt/county:gallatin,847,,,,,2000
2016-01-30 15:57:28.232000,mt-2000-06-06-primary,2000-06-06 00:00:00,2000-06-06 00:00:00,primary,certified,False,Attorney General,,Steve Bullock,,,,,Democrat,,Flathead,ocd-division/country:us/state:mt/county:flathead,1174,,,,,2000
2016-01-30 15:57:28.232000,mt-2000-06-06-primary,2000-06-06 00:00:00,2000-06-06 00:00:00,primary,certified,False,Attorney General,,Steve Bullock,,,,,Democrat,,Fergus,ocd-division/country:us/state:mt/county:fergus,315,,,,,2000
2016-01-30 15:57:28.232000,mt-2000-06-06-primary,2000-06-06 00:00:00,2000-06-06 00:00:00,primary,certified,False,Attorney General,,Steve Bullock,,,,,Democrat,,Fallon,ocd-division/country:us/state:mt/county:fallon,62,,,,,2000
2016-01-30 15:57:28.232000,mt-2000-06-06-primary,2000-06-06 00:00:00,2000-06-06 00:00:00,primary,certified,False,Attorney General,,Steve Bullock,,,,,Democrat,,Deer Lodge,ocd-division/country:us/state:mt/county:deer_lodge,797,,,,,2000
2016-01-30 15:57:28.232000,mt-2000-06-06-primary,2000-06-06 00:00:00,2000-06-06 00:00:00,primary,certified,False,Attorney General,,Steve Bullock,,,,,Democrat,,Dawson,ocd-division/country:us/state:mt/county:dawson,151,,,,,2000
2016-01-30 15:57:28.232000,mt-2000-06-06-primary,2000-06-06 00:00:00,2000-06-06 00:00:00,primary,certified,False,Attorney General,,Steve Bullock,,,,,Democrat,,Daniels,ocd-division/country:us/state:mt/county:daniels,35,,,,,2000
2016-01-30 15:57:28.232000,mt-2000-06-06-primary,2000-06-06 00:00:00,2000-06-06 00:00:00,primary,certified,False,Attorney General,,Steve Bullock,,,,,Democrat,,Custer,ocd-division/country:us/state:mt/county:custer,215,,,,,2000
2016-01-30 15:57:28.232000,mt-2000-06-06-primary,2000-06-06 00:00:00,2000-06-06 00:00:00,primary,certified,False,Attorney General,,Steve Bullock,,,,,Democrat,,Chouteau,ocd-division/country:us/state:mt/county:chouteau,136,,,,,2000
2016-01-30 15:57:28.232000,mt-2000-06-06-primary,2000-06-06 00:00:00,2000-06-06 00:00:00,primary,certified,False,Attorney General,,Steve Bullock,,,,,Democrat,,Cascade,ocd-division/country:us/state:mt/county:cascade,2715,,,,,2000
2016-01-30 15:57:28.232000,mt-2000-06-06-primary,2000-06-06 00:00:00,2000-06-06 00:00:00,primary,certified,False,Attorney General,,Steve Bullock,,,,,Democrat,,Carter,ocd-division/country:us/state:mt/county:carter,14,,,,,2000
2016-01-30 15:57:28.232000,mt-2000-06-06-primary,2000-06-06 00:00:00,2000-06-06 00:00:00,primary,certified,False,Attorney General,,Steve Bullock,,,,,Democrat,,Carbon,ocd-division/country:us/state:mt/county:carbon,254,,,,,2000
2016-01-30 15:57:28.232000,mt-2000-06-06-primary,2000-06-06 00:00:00,2000-06-06 00:00:00,primary,certified,False,Attorney General,,Steve Bullock,,,,,Democrat,,Broadwater,ocd-division/country:us/state:mt/county:broadwater,124,,,,,2000
2016-01-30 15:57:28.232000,mt-2000-06-06-primary,2000-06-06 00:00:00,2000-06-06 00:00:00,primary,certified,False,Attorney General,,Steve Bullock,,,,,Democrat,,Blaine,ocd-division/country:us/state:mt/county:blaine,192,,,,,2000
2016-01-30 15:57:28.232000,mt-2000-06-06-primary,2000-06-06 00:00:00,2000-06-06 00:00:00,primary,certified,False,Attorney General,,Steve Bullock,,,,,Democrat,,Big Horn,ocd-division/country:us/state:mt/county:big_horn,307,,,,,2000
2016-01-30 15:57:28.232000,mt-2000-06-06-primary,2000-06-06 00:00:00,2000-06-06 00:00:00,primary,certified,False,Attorney General,,Steve Bullock,,,,,Democrat,,Beaverhead,ocd-division/country:us/state:mt/county:beaverhead,84,,,,,2000
2016-01-30 15:57:28.232000,mt-2000-06-06-primary,2000-06-06 00:00:00,2000-06-06 00:00:00,primary,certified,False,Secretary of State,,Russ Fillner,,,,,Republican,,Yellowstone,ocd-division/country:us/state:mt/county:yellowstone,6776,,,,,2000
2016-01-30 15:57:28.232000,mt-2000-06-06-primary,2000-06-06 00:00:00,2000-06-06 00:00:00,primary,certified,False,Secretary of State,,Russ Fillner,,,,,Republican,,Wibaux,ocd-division/country:us/state:mt/county:wibaux,39,,,,,2000
2016-01-30 15:57:28.232000,mt-2000-06-06-primary,2000-06-06 00:00:00,2000-06-06 00:00:00,primary,certified,False,Secretary of State,,Russ Fillner,,,,,Republican,,Wheatland,ocd-division/country:us/state:mt/county:wheatland,136,,,,,2000
2016-01-30 15:57:28.232000,mt-2000-06-06-primary,2000-06-06 00:00:00,2000-06-06 00:00:00,primary,certified,False,Secretary of State,,Russ Fillner,,,,,Republican,,Valley,ocd-division/country:us/state:mt/county:valley,297,,,,,2000
2016-01-30 15:57:28.232000,mt-2000-06-06-primary,2000-06-06 00:00:00,2000-06-06 00:00:00,primary,certified,False,Secretary of State,,Russ Fillner,,,,,Republican,,Treasure,ocd-division/country:us/state:mt/county:treasure,81,,,,,2000
2016-01-30 15:57:28.232000,mt-2000-06-06-primary,2000-06-06 00:00:00,2000-06-06 00:00:00,primary,certified,False,Secretary of State,,Russ Fillner,,,,,Republican,,Toole,ocd-division/country:us/state:mt/county:toole,226,,,,,2000
2016-01-30 15:57:28.232000,mt-2000-06-06-primary,2000-06-06 00:00:00,2000-06-06 00:00:00,primary,certified,False,Secretary of State,,Russ Fillner,,,,,Republican,,Teton,ocd-division/country:us/state:mt/county:teton,432,,,,,2000
2016-01-30 15:57:28.232000,mt-2000-06-06-primary,2000-06-06 00:00:00,2000-06-06 00:00:00,primary,certified,False,Secretary of State,,Russ Fillner,,,,,Republican,,Sweet Grass,ocd-division/country:us/state:mt/county:sweet_grass,257,,,,,2000
2016-01-30 15:57:28.232000,mt-2000-06-06-primary,2000-06-06 00:00:00,2000-06-06 00:00:00,primary,certified,False,Secretary of State,,Russ Fillner,,,,,Republican,,Stillwater,ocd-division/country:us/state:mt/county:stillwater,632,,,,,2000
2016-01-30 15:57:28.232000,mt-2000-06-06-primary,2000-06-06 00:00:00,2000-06-06 00:00:00,primary,certified,False,Secretary of State,,Russ Fillner,,,,,Republican,,Silver Bow,ocd-division/country:us/state:mt/county:silver_bow,715,,,,,2000
2016-01-30 15:57:28.232000,mt-2000-06-06-primary,2000-06-06 00:00:00,2000-06-06 00:00:00,primary,certified,False,Secretary of State,,Russ Fillner,,,,,Republican,,Sheridan,ocd-division/country:us/state:mt/county:sheridan,119,,,,,2000
2016-01-30 15:57:28.232000,mt-2000-06-06-primary,2000-06-06 00:00:00,2000-06-06 00:00:00,primary,certified,False,Secretary of State,,Russ Fillner,,,,,Republican,,Sanders,ocd-division/country:us/state:mt/county:sanders,313,,,,,2000
2016-01-30 15:57:28.232000,mt-2000-06-06-primary,2000-06-06 00:00:00,2000-06-06 00:00:00,primary,certified,False,Secretary of State,,Russ Fillner,,,,,Republican,,Rosebud,ocd-division/country:us/state:mt/county:rosebud,329,,,,,2000
2016-01-30 15:57:28.232000,mt-2000-06-06-primary,2000-06-06 00:00:00,2000-06-06 00:00:00,primary,certified,False,Secretary of State,,Russ Fillner,,,,,Republican,,Roosevelt,ocd-division/country:us/state:mt/county:roosevelt,156,,,,,2000
2016-01-30 15:57:28.232000,mt-2000-06-06-primary,2000-06-06 00:00:00,2000-06-06 00:00:00,primary,certified,False,Secretary of State,,Russ Fillner,,,,,Republican,,Richland,ocd-division/country:us/state:mt/county:richland,332,,,,,2000
2016-01-30 15:57:28.232000,mt-2000-06-06-primary,2000-06-06 00:00:00,2000-06-06 00:00:00,primary,certified,False,Secretary of State,,Russ Fillner,,,,,Republican,,Ravalli,ocd-division/country:us/state:mt/county:ravalli,1309,,,,,2000
2016-01-30 15:57:28.232000,mt-2000-06-06-primary,2000-06-06 00:00:00,2000-06-06 00:00:00,primary,certified,False,Secretary of State,,Russ Fillner,,,,,Republican,,Prairie,ocd-division/country:us/state:mt/county:prairie,101,,,,,2000
2016-01-30 15:57:28.232000,mt-2000-06-06-primary,2000-06-06 00:00:00,2000-06-06 00:00:00,primary,certified,False,Secretary of State,,Russ Fillner,,,,,Republican,,Powell,ocd-division/country:us/state:mt/county:powell,201,,,,,2000
2016-01-30 15:57:28.232000,mt-2000-06-06-primary,2000-06-06 00:00:00,2000-06-06 00:00:00,primary,certified,False,Secretary of State,,Russ Fillner,,,,,Republican,,Powder River,ocd-division/country:us/state:mt/county:powder_river,165,,,,,2000
2016-01-30 15:57:28.232000,mt-2000-06-06-primary,2000-06-06 00:00:00,2000-06-06 00:00:00,primary,certified,False,Secretary of State,,Russ Fillner,,,,,Republican,,Pondera,ocd-division/country:us/state:mt/county:pondera,242,,,,,2000
2016-01-30 15:57:28.232000,mt-2000-06-06-primary,2000-06-06 00:00:00,2000-06-06 00:00:00,primary,certified,False,Secretary of State,,Russ Fillner,,,,,Republican,,Phillips,ocd-division/country:us/state:mt/county:phillips,240,,,,,2000
2016-01-30 15:57:28.232000,mt-2000-06-06-primary,2000-06-06 00:00:00,2000-06-06 00:00:00,primary,certified,False,Secretary of State,,Russ Fillner,,,,,Republican,,Petroleum,ocd-division/country:us/state:mt/county:petroleum,51,,,,,2000
2016-01-30 15:57:28.232000,mt-2000-06-06-primary,2000-06-06 00:00:00,2000-06-06 00:00:00,primary,certified,False,Secretary of State,,Russ Fillner,,,,,Republican,,Park,ocd-division/country:us/state:mt/county:park,460,,,,,2000
2016-01-30 15:57:28.232000,mt-2000-06-06-primary,2000-06-06 00:00:00,2000-06-06 00:00:00,primary,certified,False,Secretary of State,,Russ Fillner,,,,,Republican,,Musselshell,ocd-division/country:us/state:mt/county:musselshell,409,,,,,2000
2016-01-30 15:57:28.232000,mt-2000-06-06-primary,2000-06-06 00:00:00,2000-06-06 00:00:00,primary,certified,False,Secretary of State,,Russ Fillner,,,,,Republican,,Missoula,ocd-division/country:us/state:mt/county:missoula,1934,,,,,2000
2016-01-30 15:57:28.232000,mt-2000-06-06-primary,2000-06-06 00:00:00,2000-06-06 00:00:00,primary,certified,False,Secretary of State,,Russ Fillner,,,,,Republican,,Mineral,ocd-division/country:us/state:mt/county:mineral,100,,,,,2000
2016-01-30 15:57:28.232000,mt-2000-06-06-primary,2000-06-06 00:00:00,2000-06-06 00:00:00,primary,certified,False,Secretary of State,,Russ Fillner,,,,,Republican,,Meagher,ocd-division/country:us/state:mt/county:meagher,103,,,,,2000
2016-01-30 15:57:28.232000,mt-2000-06-06-primary,2000-06-06 00:00:00,2000-06-06 00:00:00,primary,certified,False,Secretary of State,,Russ Fillner,,,,,Republican,,McCone,ocd-division/country:us/state:mt/county:mccone,103,,,,,2000
2016-01-30 15:57:28.232000,mt-2000-06-06-primary,2000-06-06 00:00:00,2000-06-06 00:00:00,primary,certified,False,Secretary of State,,Russ Fillner,,,,,Republican,,Madison,ocd-division/country:us/state:mt/county:madison,310,,,,,2000
2016-01-30 15:57:28.232000,mt-2000-06-06-primary,2000-06-06 00:00:00,2000-06-06 00:00:00,primary,certified,False,Secretary of State,,Russ Fillner,,,,,Republican,,Lincoln,ocd-division/country:us/state:mt/county:lincoln,421,,,,,2000
2016-01-30 15:57:28.232000,mt-2000-06-06-primary,2000-06-06 00:00:00,2000-06-06 00:00:00,primary,certified,False,Secretary of State,,Russ Fillner,,,,,Republican,,Liberty,ocd-division/country:us/state:mt/county:liberty,74,,,,,2000
2016-01-30 15:57:28.232000,mt-2000-06-06-primary,2000-06-06 00:00:00,2000-06-06 00:00:00,primary,certified,False,Secretary of State,,Russ Fillner,,,,,Republican,,Lewis & Clark,ocd-division/country:us/state:mt/county:lewis_and_clark,1600,,,,,2000
2016-01-30 15:57:28.232000,mt-2000-06-06-primary,2000-06-06 00:00:00,2000-06-06 00:00:00,primary,certified,False,Secretary of State,,Russ Fillner,,,,,Republican,,Lake,ocd-division/country:us/state:mt/county:lake,636,,,,,2000
2016-01-30 15:57:28.232000,mt-2000-06-06-primary,2000-06-06 00:00:00,2000-06-06 00:00:00,primary,certified,False,Secretary of State,,Russ Fillner,,,,,Republican,,Judith Basin,ocd-division/country:us/state:mt/county:judith_basin,169,,,,,2000
2016-01-30 15:57:28.232000,mt-2000-06-06-primary,2000-06-06 00:00:00,2000-06-06 00:00:00,primary,certified,False,Secretary of State,,Russ Fillner,,,,,Republican,,Jefferson,ocd-division/country:us/state:mt/county:jefferson,384,,,,,2000
2016-01-30 15:57:28.232000,mt-2000-06-06-primary,2000-06-06 00:00:00,2000-06-06 00:00:00,primary,certified,False,Secretary of State,,Russ Fillner,,,,,Republican,,Hill,ocd-division/country:us/state:mt/county:hill,357,,,,,2000
2016-01-30 15:57:28.232000,mt-2000-06-06-primary,2000-06-06 00:00:00,2000-06-06 00:00:00,primary,certified,False,Secretary of State,,Russ Fillner,,,,,Republican,,Granite,ocd-division/country:us/state:mt/county:granite,142,,,,,2000
2016-01-30 15:57:28.232000,mt-2000-06-06-primary,2000-06-06 00:00:00,2000-06-06 00:00:00,primary,certified,False,Secretary of State,,Russ Fillner,,,,,Republican,,Golden Valley,ocd-division/country:us/state:mt/county:golden_valley,110,,,,,2000
2016-01-30 15:57:28.232000,mt-2000-06-06-primary,2000-06-06 00:00:00,2000-06-06 00:00:00,primary,certified,False,Secretary of State,,Russ Fillner,,,,,Republican,,Glacier,ocd-division/country:us/state:mt/county:glacier,144,,,,,2000
2016-01-30 15:57:28.232000,mt-2000-06-06-primary,2000-06-06 00:00:00,2000-06-06 00:00:00,primary,certified,False,Secretary of State,,Russ Fillner,,,,,Republican,,Garfield,ocd-division/country:us/state:mt/county:garfield,112,,,,,2000
2016-01-30 15:57:28.232000,mt-2000-06-06-primary,2000-06-06 00:00:00,2000-06-06 00:00:00,primary,certified,False,Secretary of State,,Russ Fillner,,,,,Republican,,Gallatin,ocd-division/country:us/state:mt/county:gallatin,1528,,,,,2000
2016-01-30 15:57:28.232000,mt-2000-06-06-primary,2000-06-06 00:00:00,2000-06-06 00:00:00,primary,certified,False,Secretary of State,,Russ Fillner,,,,,Republican,,Flathead,ocd-division/country:us/state:mt/county:flathead,1744,,,,,2000
2016-01-30 15:57:28.232000,mt-2000-06-06-primary,2000-06-06 00:00:00,2000-06-06 00:00:00,primary,certified,False,Secretary of State,,Russ Fillner,,,,,Republican,,Fergus,ocd-division/country:us/state:mt/county:fergus,770,,,,,2000
2016-01-30 15:57:28.232000,mt-2000-06-06-primary,2000-06-06 00:00:00,2000-06-06 00:00:00,primary,certified,False,Secretary of State,,Russ Fillner,,,,,Republican,,Fallon,ocd-division/country:us/state:mt/county:fallon,247,,,,,2000
2016-01-30 15:57:28.232000,mt-2000-06-06-primary,2000-06-06 00:00:00,2000-06-06 00:00:00,primary,certified,False,Secretary of State,,Russ Fillner,,,,,Republican,,Deer Lodge,ocd-division/country:us/state:mt/county:deer_lodge,170,,,,,2000
2016-01-30 15:57:28.232000,mt-2000-06-06-primary,2000-06-06 00:00:00,2000-06-06 00:00:00,primary,certified,False,Secretary of State,,Russ Fillner,,,,,Republican,,Dawson,ocd-division/country:us/state:mt/county:dawson,501,,,,,2000
2016-01-30 15:57:28.232000,mt-2000-06-06-primary,2000-06-06 00:00:00,2000-06-06 00:00:00,primary,certified,False,Secretary of State,,Russ Fillner,,,,,Republican,,Daniels,ocd-division/country:us/state:mt/county:daniels,99,,,,,2000
2016-01-30 15:57:28.232000,mt-2000-06-06-primary,2000-06-06 00:00:00,2000-06-06 00:00:00,primary,certified,False,Secretary of State,,Russ Fillner,,,,,Republican,,Custer,ocd-division/country:us/state:mt/county:custer,445,,,,,2000
2016-01-30 15:57:28.232000,mt-2000-06-06-primary,2000-06-06 00:00:00,2000-06-06 00:00:00,primary,certified,False,Secretary of State,,Russ Fillner,,,,,Republican,,Chouteau,ocd-division/country:us/state:mt/county:chouteau,479,,,,,2000
2016-01-30 15:57:28.232000,mt-2000-06-06-primary,2000-06-06 00:00:00,2000-06-06 00:00:00,primary,certified,False,Secretary of State,,Russ Fillner,,,,,Republican,,Cascade,ocd-division/country:us/state:mt/county:cascade,2268,,,,,2000
2016-01-30 15:57:28.232000,mt-2000-06-06-primary,2000-06-06 00:00:00,2000-06-06 00:00:00,primary,certified,False,Secretary of State,,Russ Fillner,,,,,Republican,,Carter,ocd-division/country:us/state:mt/county:carter,100,,,,,2000
2016-01-30 15:57:28.232000,mt-2000-06-06-primary,2000-06-06 00:00:00,2000-06-06 00:00:00,primary,certified,False,Secretary of State,,Russ Fillner,,,,,Republican,,Carbon,ocd-division/country:us/state:mt/county:carbon,657,,,,,2000
2016-01-30 15:57:28.232000,mt-2000-06-06-primary,2000-06-06 00:00:00,2000-06-06 00:00:00,primary,certified,False,Secretary of State,,Russ Fillner,,,,,Republican,,Broadwater,ocd-division/country:us/state:mt/county:broadwater,179,,,,,2000
2016-01-30 15:57:28.232000,mt-2000-06-06-primary,2000-06-06 00:00:00,2000-06-06 00:00:00,primary,certified,False,Secretary of State,,Russ Fillner,,,,,Republican,,Blaine,ocd-division/country:us/state:mt/county:blaine,180,,,,,2000
2016-01-30 15:57:28.232000,mt-2000-06-06-primary,2000-06-06 00:00:00,2000-06-06 00:00:00,primary,certified,False,Secretary of State,,Russ Fillner,,,,,Republican,,Big Horn,ocd-division/country:us/state:mt/county:big_horn,370,,,,,2000
2016-01-30 15:57:28.232000,mt-2000-06-06-primary,2000-06-06 00:00:00,2000-06-06 00:00:00,primary,certified,False,Secretary of State,,Russ Fillner,,,,,Republican,,Beaverhead,ocd-division/country:us/state:mt/county:beaverhead,443,,,,,2000
2016-01-30 15:57:28.232000,mt-2000-06-06-primary,2000-06-06 00:00:00,2000-06-06 00:00:00,primary,certified,False,Secretary of State,,Bob Brown,,,,,Republican,,Yellowstone,ocd-division/country:us/state:mt/county:yellowstone,5545,,,,,2000
2016-01-30 15:57:28.232000,mt-2000-06-06-primary,2000-06-06 00:00:00,2000-06-06 00:00:00,primary,certified,False,Secretary of State,,Bob Brown,,,,,Republican,,Wibaux,ocd-division/country:us/state:mt/county:wibaux,75,,,,,2000
2016-01-30 15:57:28.232000,mt-2000-06-06-primary,2000-06-06 00:00:00,2000-06-06 00:00:00,primary,certified,False,Secretary of State,,Bob Brown,,,,,Republican,,Wheatland,ocd-division/country:us/state:mt/county:wheatland,214,,,,,2000
2016-01-30 15:57:28.232000,mt-2000-06-06-primary,2000-06-06 00:00:00,2000-06-06 00:00:00,primary,certified,False,Secretary of State,,Bob Brown,,,,,Republican,,Valley,ocd-division/country:us/state:mt/county:valley,789,,,,,2000
2016-01-30 15:57:28.232000,mt-2000-06-06-primary,2000-06-06 00:00:00,2000-06-06 00:00:00,primary,certified,False,Secretary of State,,Bob Brown,,,,,Republican,,Treasure,ocd-division/country:us/state:mt/county:treasure,80,,,,,2000
2016-01-30 15:57:28.232000,mt-2000-06-06-primary,2000-06-06 00:00:00,2000-06-06 00:00:00,primary,certified,False,Secretary of State,,Bob Brown,,,,,Republican,,Toole,ocd-division/country:us/state:mt/county:toole,566,,,,,2000
2016-01-30 15:57:28.232000,mt-2000-06-06-primary,2000-06-06 00:00:00,2000-06-06 00:00:00,primary,certified,False,Secretary of State,,Bob Brown,,,,,Republican,,Teton,ocd-division/country:us/state:mt/county:teton,717,,,,,2000
2016-01-30 15:57:28.232000,mt-2000-06-06-primary,2000-06-06 00:00:00,2000-06-06 00:00:00,primary,certified,False,Secretary of State,,Bob Brown,,,,,Republican,,Sweet Grass,ocd-division/country:us/state:mt/county:sweet_grass,439,,,,,2000
2016-01-30 15:57:28.232000,mt-2000-06-06-primary,2000-06-06 00:00:00,2000-06-06 00:00:00,primary,certified,False,Secretary of State,,Bob Brown,,,,,Republican,,Stillwater,ocd-division/country:us/state:mt/county:stillwater,527,,,,,2000
2016-01-30 15:57:28.232000,mt-2000-06-06-primary,2000-06-06 00:00:00,2000-06-06 00:00:00,primary,certified,False,Secretary of State,,Bob Brown,,,,,Republican,,Silver Bow,ocd-division/country:us/state:mt/county:silver_bow,1656,,,,,2000
2016-01-30 15:57:28.232000,mt-2000-06-06-primary,2000-06-06 00:00:00,2000-06-06 00:00:00,primary,certified,False,Secretary of State,,Bob Brown,,,,,Republican,,Sheridan,ocd-division/country:us/state:mt/county:sheridan,227,,,,,2000
2016-01-30 15:57:28.232000,mt-2000-06-06-primary,2000-06-06 00:00:00,2000-06-06 00:00:00,primary,certified,False,Secretary of State,,Bob Brown,,,,,Republican,,Sanders,ocd-division/country:us/state:mt/county:sanders,855,,,,,2000
2016-01-30 15:57:28.232000,mt-2000-06-06-primary,2000-06-06 00:00:00,2000-06-06 00:00:00,primary,certified,False,Secretary of State,,Bob Brown,,,,,Republican,,Rosebud,ocd-division/country:us/state:mt/county:rosebud,322,,,,,2000
2016-01-30 15:57:28.232000,mt-2000-06-06-primary,2000-06-06 00:00:00,2000-06-06 00:00:00,primary,certified,False,Secretary of State,,Bob Brown,,,,,Republican,,Roosevelt,ocd-division/country:us/state:mt/county:roosevelt,292,,,,,2000
2016-01-30 15:57:28.232000,mt-2000-06-06-primary,2000-06-06 00:00:00,2000-06-06 00:00:00,primary,certified,False,Secretary of State,,Bob Brown,,,,,Republican,,Richland,ocd-division/country:us/state:mt/county:richland,675,,,,,2000
2016-01-30 15:57:28.232000,mt-2000-06-06-primary,2000-06-06 00:00:00,2000-06-06 00:00:00,primary,certified,False,Secretary of State,,Bob Brown,,,,,Republican,,Ravalli,ocd-division/country:us/state:mt/county:ravalli,4358,,,,,2000
2016-01-30 15:57:28.232000,mt-2000-06-06-primary,2000-06-06 00:00:00,2000-06-06 00:00:00,primary,certified,False,Secretary of State,,Bob Brown,,,,,Republican,,Prairie,ocd-division/country:us/state:mt/county:prairie,203,,,,,2000
2016-01-30 15:57:28.232000,mt-2000-06-06-primary,2000-06-06 00:00:00,2000-06-06 00:00:00,primary,certified,False,Secretary of State,,Bob Brown,,,,,Republican,,Powell,ocd-division/country:us/state:mt/county:powell,569,,,,,2000
2016-01-30 15:57:28.232000,mt-2000-06-06-primary,2000-06-06 00:00:00,2000-06-06 00:00:00,primary,certified,False,Secretary of State,,Bob Brown,,,,,Republican,,Powder River,ocd-division/country:us/state:mt/county:powder_river,224,,,,,2000
2016-01-30 15:57:28.232000,mt-2000-06-06-primary,2000-06-06 00:00:00,2000-06-06 00:00:00,primary,certified,False,Secretary of State,,Bob Brown,,,,,Republican,,Pondera,ocd-division/country:us/state:mt/county:pondera,616,,,,,2000
2016-01-30 15:57:28.232000,mt-2000-06-06-primary,2000-06-06 00:00:00,2000-06-06 00:00:00,primary,certified,False,Secretary of State,,Bob Brown,,,,,Republican,,Phillips,ocd-division/country:us/state:mt/county:phillips,626,,,,,2000
2016-01-30 15:57:28.232000,mt-2000-06-06-primary,2000-06-06 00:00:00,2000-06-06 00:00:00,primary,certified,False,Secretary of State,,Bob Brown,,,,,Republican,,Petroleum,ocd-division/country:us/state:mt/county:petroleum,48,,,,,2000
2016-01-30 15:57:28.232000,mt-2000-06-06-primary,2000-06-06 00:00:00,2000-06-06 00:00:00,primary,certified,False,Secretary of State,,Bob Brown,,,,,Republican,,Park,ocd-division/country:us/state:mt/county:park,1329,,,,,2000
2016-01-30 15:57:28.232000,mt-2000-06-06-primary,2000-06-06 00:00:00,2000-06-06 00:00:00,primary,certified,False,Secretary of State,,Bob Brown,,,,,Republican,,Musselshell,ocd-division/country:us/state:mt/county:musselshell,511,,,,,2000
2016-01-30 15:57:28.232000,mt-2000-06-06-primary,2000-06-06 00:00:00,2000-06-06 00:00:00,primary,certified,False,Secretary of State,,Bob Brown,,,,,Republican,,Missoula,ocd-division/country:us/state:mt/county:missoula,5072,,,,,2000
2016-01-30 15:57:28.232000,mt-2000-06-06-primary,2000-06-06 00:00:00,2000-06-06 00:00:00,primary,certified,False,Secretary of State,,Bob Brown,,,,,Republican,,Mineral,ocd-division/country:us/state:mt/county:mineral,207,,,,,2000
2016-01-30 15:57:28.232000,mt-2000-06-06-primary,2000-06-06 00:00:00,2000-06-06 00:00:00,primary,certified,False,Secretary of State,,Bob Brown,,,,,Republican,,Meagher,ocd-division/country:us/state:mt/county:meagher,217,,,,,2000
2016-01-30 15:57:28.232000,mt-2000-06-06-primary,2000-06-06 00:00:00,2000-06-06 00:00:00,primary,certified,False,Secretary of State,,Bob Brown,,,,,Republican,,McCone,ocd-division/country:us/state:mt/county:mccone,236,,,,,2000
2016-01-30 15:57:28.232000,mt-2000-06-06-primary,2000-06-06 00:00:00,2000-06-06 00:00:00,primary,certified,False,Secretary of State,,Bob Brown,,,,,Republican,,Madison,ocd-division/country:us/state:mt/county:madison,854,,,,,2000
2016-01-30 15:57:28.232000,mt-2000-06-06-primary,2000-06-06 00:00:00,2000-06-06 00:00:00,primary,certified,False,Secretary of State,,Bob Brown,,,,,Republican,,Lincoln,ocd-division/country:us/state:mt/county:lincoln,1615,,,,,2000
2016-01-30 15:57:28.232000,mt-2000-06-06-primary,2000-06-06 00:00:00,2000-06-06 00:00:00,primary,certified,False,Secretary of State,,Bob Brown,,,,,Republican,,Liberty,ocd-division/country:us/state:mt/county:liberty,303,,,,,2000
2016-01-30 15:57:28.232000,mt-2000-06-06-primary,2000-06-06 00:00:00,2000-06-06 00:00:00,primary,certified,False,Secretary of State,,Bob Brown,,,,,Republican,,Lewis & Clark,ocd-division/country:us/state:mt/county:lewis_and_clark,3453,,,,,2000
2016-01-30 15:57:28.232000,mt-2000-06-06-primary,2000-06-06 00:00:00,2000-06-06 00:00:00,primary,certified,False,Secretary of State,,Bob Brown,,,,,Republican,,Lake,ocd-division/country:us/state:mt/county:lake,2465,,,,,2000
2016-01-30 15:57:28.232000,mt-2000-06-06-primary,2000-06-06 00:00:00,2000-06-06 00:00:00,primary,certified,False,Secretary of State,,Bob Brown,,,,,Republican,,Judith Basin,ocd-division/country:us/state:mt/county:judith_basin,314,,,,,2000
2016-01-30 15:57:28.232000,mt-2000-06-06-primary,2000-06-06 00:00:00,2000-06-06 00:00:00,primary,certified,False,Secretary of State,,Bob Brown,,,,,Republican,,Jefferson,ocd-division/country:us/state:mt/county:jefferson,913,,,,,2000
2016-01-30 15:57:28.232000,mt-2000-06-06-primary,2000-06-06 00:00:00,2000-06-06 00:00:00,primary,certified,False,Secretary of State,,Bob Brown,,,,,Republican,,Hill,ocd-division/country:us/state:mt/county:hill,713,,,,,2000
2016-01-30 15:57:28.232000,mt-2000-06-06-primary,2000-06-06 00:00:00,2000-06-06 00:00:00,primary,certified,False,Secretary of State,,Bob Brown,,,,,Republican,,Granite,ocd-division/country:us/state:mt/county:granite,397,,,,,2000
2016-01-30 15:57:28.232000,mt-2000-06-06-primary,2000-06-06 00:00:00,2000-06-06 00:00:00,primary,certified,False,Secretary of State,,Bob Brown,,,,,Republican,,Golden Valley,ocd-division/country:us/state:mt/county:golden_valley,91,,,,,2000
2016-01-30 15:57:28.232000,mt-2000-06-06-primary,2000-06-06 00:00:00,2000-06-06 00:00:00,primary,certified,False,Secretary of State,,Bob Brown,,,,,Republican,,Glacier,ocd-division/country:us/state:mt/county:glacier,375,,,,,2000
2016-01-30 15:57:28.232000,mt-2000-06-06-primary,2000-06-06 00:00:00,2000-06-06 00:00:00,primary,certified,False,Secretary of State,,Bob Brown,,,,,Republican,,Garfield,ocd-division/country:us/state:mt/county:garfield,163,,,,,2000
2016-01-30 15:57:28.232000,mt-2000-06-06-primary,2000-06-06 00:00:00,2000-06-06 00:00:00,primary,certified,False,Secretary of State,,Bob Brown,,,,,Republican,,Gallatin,ocd-division/country:us/state:mt/county:gallatin,4124,,,,,2000
2016-01-30 15:57:28.232000,mt-2000-06-06-primary,2000-06-06 00:00:00,2000-06-06 00:00:00,primary,certified,False,Secretary of State,,Bob Brown,,,,,Republican,,Flathead,ocd-division/country:us/state:mt/county:flathead,8075,,,,,2000
2016-01-30 15:57:28.232000,mt-2000-06-06-primary,2000-06-06 00:00:00,2000-06-06 00:00:00,primary,certified,False,Secretary of State,,Bob Brown,,,,,Republican,,Fergus,ocd-division/country:us/state:mt/county:fergus,1522,,,,,2000
2016-01-30 15:57:28.232000,mt-2000-06-06-primary,2000-06-06 00:00:00,2000-06-06 00:00:00,primary,certified,False,Secretary of State,,Bob Brown,,,,,Republican,,Fallon,ocd-division/country:us/state:mt/county:fallon,252,,,,,2000
2016-01-30 15:57:28.232000,mt-2000-06-06-primary,2000-06-06 00:00:00,2000-06-06 00:00:00,primary,certified,False,Secretary of State,,Bob Brown,,,,,Republican,,Deer Lodge,ocd-division/country:us/state:mt/county:deer_lodge,349,,,,,2000
2016-01-30 15:57:28.232000,mt-2000-06-06-primary,2000-06-06 00:00:00,2000-06-06 00:00:00,primary,certified,False,Secretary of State,,Bob Brown,,,,,Republican,,Dawson,ocd-division/country:us/state:mt/county:dawson,687,,,,,2000
2016-01-30 15:57:28.232000,mt-2000-06-06-primary,2000-06-06 00:00:00,2000-06-06 00:00:00,primary,certified,False,Secretary of State,,Bob Brown,,,,,Republican,,Daniels,ocd-division/country:us/state:mt/county:daniels,276,,,,,2000
2016-01-30 15:57:28.232000,mt-2000-06-06-primary,2000-06-06 00:00:00,2000-06-06 00:00:00,primary,certified,False,Secretary of State,,Bob Brown,,,,,Republican,,Custer,ocd-division/country:us/state:mt/county:custer,792,,,,,2000
2016-01-30 15:57:28.232000,mt-2000-06-06-primary,2000-06-06 00:00:00,2000-06-06 00:00:00,primary,certified,False,Secretary of State,,Bob Brown,,,,,Republican,,Chouteau,ocd-division/country:us/state:mt/county:chouteau,635,,,,,2000
2016-01-30 15:57:28.232000,mt-2000-06-06-primary,2000-06-06 00:00:00,2000-06-06 00:00:00,primary,certified,False,Secretary of State,,Bob Brown,,,,,Republican,,Cascade,ocd-division/country:us/state:mt/county:cascade,3916,,,,,2000
2016-01-30 15:57:28.232000,mt-2000-06-06-primary,2000-06-06 00:00:00,2000-06-06 00:00:00,primary,certified,False,Secretary of State,,Bob Brown,,,,,Republican,,Carter,ocd-division/country:us/state:mt/county:carter,207,,,,,2000
2016-01-30 15:57:28.232000,mt-2000-06-06-primary,2000-06-06 00:00:00,2000-06-06 00:00:00,primary,certified,False,Secretary of State,,Bob Brown,,,,,Republican,,Carbon,ocd-division/country:us/state:mt/county:carbon,554,,,,,2000
2016-01-30 15:57:28.232000,mt-2000-06-06-primary,2000-06-06 00:00:00,2000-06-06 00:00:00,primary,certified,False,Secretary of State,,Bob Brown,,,,,Republican,,Broadwater,ocd-division/country:us/state:mt/county:broadwater,442,,,,,2000
2016-01-30 15:57:28.232000,mt-2000-06-06-primary,2000-06-06 00:00:00,2000-06-06 00:00:00,primary,certified,False,Secretary of State,,Bob Brown,,,,,Republican,,Blaine,ocd-division/country:us/state:mt/county:blaine,295,,,,,2000
2016-01-30 15:57:28.232000,mt-2000-06-06-primary,2000-06-06 00:00:00,2000-06-06 00:00:00,primary,certified,False,Secretary of State,,Bob Brown,,,,,Republican,,Big Horn,ocd-division/country:us/state:mt/county:big_horn,346,,,,,2000
2016-01-30 15:57:28.232000,mt-2000-06-06-primary,2000-06-06 00:00:00,2000-06-06 00:00:00,primary,certified,False,Secretary of State,,Bob Brown,,,,,Republican,,Beaverhead,ocd-division/country:us/state:mt/county:beaverhead,1178,,,,,2000
2016-01-30 15:57:28.232000,mt-2000-06-06-primary,2000-06-06 00:00:00,2000-06-06 00:00:00,primary,certified,False,Secretary of State,,J.R. Myers,,,,,Reform,,Yellowstone,ocd-division/country:us/state:mt/county:yellowstone,84,,,,,2000
2016-01-30 15:57:28.232000,mt-2000-06-06-primary,2000-06-06 00:00:00,2000-06-06 00:00:00,primary,certified,False,Secretary of State,,J.R. Myers,,,,,Reform,,Wibaux,ocd-division/country:us/state:mt/county:wibaux,0,,,,,2000
2016-01-30 15:57:28.232000,mt-2000-06-06-primary,2000-06-06 00:00:00,2000-06-06 00:00:00,primary,certified,False,Secretary of State,,J.R. Myers,,,,,Reform,,Wheatland,ocd-division/country:us/state:mt/county:wheatland,2,,,,,2000
2016-01-30 15:57:28.232000,mt-2000-06-06-primary,2000-06-06 00:00:00,2000-06-06 00:00:00,primary,certified,False,Secretary of State,,J.R. Myers,,,,,Reform,,Valley,ocd-division/country:us/state:mt/county:valley,19,,,,,2000
2016-01-30 15:57:28.232000,mt-2000-06-06-primary,2000-06-06 00:00:00,2000-06-06 00:00:00,primary,certified,False,Secretary of State,,J.R. Myers,,,,,Reform,,Treasure,ocd-division/country:us/state:mt/county:treasure,1,,,,,2000
2016-01-30 15:57:28.232000,mt-2000-06-06-primary,2000-06-06 00:00:00,2000-06-06 00:00:00,primary,certified,False,Secretary of State,,J.R. Myers,,,,,Reform,,Toole,ocd-division/country:us/state:mt/county:toole,4,,,,,2000
2016-01-30 15:57:28.232000,mt-2000-06-06-primary,2000-06-06 00:00:00,2000-06-06 00:00:00,primary,certified,False,Secretary of State,,J.R. Myers,,,,,Reform,,Teton,ocd-division/country:us/state:mt/county:teton,7,,,,,2000
2016-01-30 15:57:28.232000,mt-2000-06-06-primary,2000-06-06 00:00:00,2000-06-06 00:00:00,primary,certified,False,Secretary of State,,J.R. Myers,,,,,Reform,,Sweet Grass,ocd-division/country:us/state:mt/county:sweet_grass,3,,,,,2000
2016-01-30 15:57:28.232000,mt-2000-06-06-primary,2000-06-06 00:00:00,2000-06-06 00:00:00,primary,certified,False,Secretary of State,,J.R. Myers,,,,,Reform,,Stillwater,ocd-division/country:us/state:mt/county:stillwater,7,,,,,2000
2016-01-30 15:57:28.232000,mt-2000-06-06-primary,2000-06-06 00:00:00,2000-06-06 00:00:00,primary,certified,False,Secretary of State,,J.R. Myers,,,,,Reform,,Silver Bow,ocd-division/country:us/state:mt/county:silver_bow,111,,,,,2000
2016-01-30 15:57:28.232000,mt-2000-06-06-primary,2000-06-06 00:00:00,2000-06-06 00:00:00,primary,certified,False,Secretary of State,,J.R. Myers,,,,,Reform,,Sheridan,ocd-division/country:us/state:mt/county:sheridan,5,,,,,2000
2016-01-30 15:57:28.232000,mt-2000-06-06-primary,2000-06-06 00:00:00,2000-06-06 00:00:00,primary,certified,False,Secretary of State,,J.R. Myers,,,,,Reform,,Sanders,ocd-division/country:us/state:mt/county:sanders,28,,,,,2000
2016-01-30 15:57:28.232000,mt-2000-06-06-primary,2000-06-06 00:00:00,2000-06-06 00:00:00,primary,certified,False,Secretary of State,,J.R. Myers,,,,,Reform,,Rosebud,ocd-division/country:us/state:mt/county:rosebud,14,,,,,2000
2016-01-30 15:57:28.232000,mt-2000-06-06-primary,2000-06-06 00:00:00,2000-06-06 00:00:00,primary,certified,False,Secretary of State,,J.R. Myers,,,,,Reform,,Roosevelt,ocd-division/country:us/state:mt/county:roosevelt,8,,,,,2000
2016-01-30 15:57:28.232000,mt-2000-06-06-primary,2000-06-06 00:00:00,2000-06-06 00:00:00,primary,certified,False,Secretary of State,,J.R. Myers,,,,,Reform,,Richland,ocd-division/country:us/state:mt/county:richland,4,,,,,2000
2016-01-30 15:57:28.232000,mt-2000-06-06-primary,2000-06-06 00:00:00,2000-06-06 00:00:00,primary,certified,False,Secretary of State,,J.R. Myers,,,,,Reform,,Ravalli,ocd-division/country:us/state:mt/county:ravalli,34,,,,,2000
2016-01-30 15:57:28.232000,mt-2000-06-06-primary,2000-06-06 00:00:00,2000-06-06 00:00:00,primary,certified,False,Secretary of State,,J.R. Myers,,,,,Reform,,Prairie,ocd-division/country:us/state:mt/county:prairie,3,,,,,2000
2016-01-30 15:57:28.232000,mt-2000-06-06-primary,2000-06-06 00:00:00,2000-06-06 00:00:00,primary,certified,False,Secretary of State,,J.R. Myers,,,,,Reform,,Powell,ocd-division/country:us/state:mt/county:powell,1,,,,,2000
2016-01-30 15:57:28.232000,mt-2000-06-06-primary,2000-06-06 00:00:00,2000-06-06 00:00:00,primary,certified,False,Secretary of State,,J.R. Myers,,,,,Reform,,Powder River,ocd-division/country:us/state:mt/county:powder_river,1,,,,,2000
2016-01-30 15:57:28.232000,mt-2000-06-06-primary,2000-06-06 00:00:00,2000-06-06 00:00:00,primary,certified,False,Secretary of State,,J.R. Myers,,,,,Reform,,Pondera,ocd-division/country:us/state:mt/county:pondera,4,,,,,2000
2016-01-30 15:57:28.232000,mt-2000-06-06-primary,2000-06-06 00:00:00,2000-06-06 00:00:00,primary,certified,False,Secretary of State,,J.R. Myers,,,,,Reform,,Phillips,ocd-division/country:us/state:mt/county:phillips,1,,,,,2000
2016-01-30 15:57:28.232000,mt-2000-06-06-primary,2000-06-06 00:00:00,2000-06-06 00:00:00,primary,certified,False,Secretary of State,,J.R. Myers,,,,,Reform,,Petroleum,ocd-division/country:us/state:mt/county:petroleum,2,,,,,2000
2016-01-30 15:57:28.232000,mt-2000-06-06-primary,2000-06-06 00:00:00,2000-06-06 00:00:00,primary,certified,False,Secretary of State,,J.R. Myers,,,,,Reform,,Park,ocd-division/country:us/state:mt/county:park,36,,,,,2000
2016-01-30 15:57:28.232000,mt-2000-06-06-primary,2000-06-06 00:00:00,2000-06-06 00:00:00,primary,certified,False,Secretary of State,,J.R. Myers,,,,,Reform,,Musselshell,ocd-division/country:us/state:mt/county:musselshell,13,,,,,2000
2016-01-30 15:57:28.232000,mt-2000-06-06-primary,2000-06-06 00:00:00,2000-06-06 00:00:00,primary,certified,False,Secretary of State,,J.R. Myers,,,,,Reform,,Missoula,ocd-division/country:us/state:mt/county:missoula,82,,,,,2000
2016-01-30 15:57:28.232000,mt-2000-06-06-primary,2000-06-06 00:00:00,2000-06-06 00:00:00,primary,certified,False,Secretary of State,,J.R. Myers,,,,,Reform,,Mineral,ocd-division/country:us/state:mt/county:mineral,12,,,,,2000
2016-01-30 15:57:28.232000,mt-2000-06-06-primary,2000-06-06 00:00:00,2000-06-06 00:00:00,primary,certified,False,Secretary of State,,J.R. Myers,,,,,Reform,,Meagher,ocd-division/country:us/state:mt/county:meagher,1,,,,,2000
2016-01-30 15:57:28.232000,mt-2000-06-06-primary,2000-06-06 00:00:00,2000-06-06 00:00:00,primary,certified,False,Secretary of State,,J.R. Myers,,,,,Reform,,McCone,ocd-division/country:us/state:mt/county:mccone,2,,,,,2000
2016-01-30 15:57:28.232000,mt-2000-06-06-primary,2000-06-06 00:00:00,2000-06-06 00:00:00,primary,certified,False,Secretary of State,,J.R. Myers,,,,,Reform,,Madison,ocd-division/country:us/state:mt/county:madison,18,,,,,2000
2016-01-30 15:57:28.232000,mt-2000-06-06-primary,2000-06-06 00:00:00,2000-06-06 00:00:00,primary,certified,False,Secretary of State,,J.R. Myers,,,,,Reform,,Lincoln,ocd-division/country:us/state:mt/county:lincoln,51,,,,,2000
2016-01-30 15:57:28.232000,mt-2000-06-06-primary,2000-06-06 00:00:00,2000-06-06 00:00:00,primary,certified,False,Secretary of State,,J.R. Myers,,,,,Reform,,Liberty,ocd-division/country:us/state:mt/county:liberty,5,,,,,2000
2016-01-30 15:57:28.232000,mt-2000-06-06-primary,2000-06-06 00:00:00,2000-06-06 00:00:00,primary,certified,False,Secretary of State,,J.R. Myers,,,,,Reform,,Lewis & Clark,ocd-division/country:us/state:mt/county:lewis_and_clark,124,,,,,2000
2016-01-30 15:57:28.232000,mt-2000-06-06-primary,2000-06-06 00:00:00,2000-06-06 00:00:00,primary,certified,False,Secretary of State,,J.R. Myers,,,,,Reform,,Lake,ocd-division/country:us/state:mt/county:lake,28,,,,,2000
2016-01-30 15:57:28.232000,mt-2000-06-06-primary,2000-06-06 00:00:00,2000-06-06 00:00:00,primary,certified,False,Secretary of State,,J.R. Myers,,,,,Reform,,Judith Basin,ocd-division/country:us/state:mt/county:judith_basin,2,,,,,2000
2016-01-30 15:57:28.232000,mt-2000-06-06-primary,2000-06-06 00:00:00,2000-06-06 00:00:00,primary,certified,False,Secretary of State,,J.R. Myers,,,,,Reform,,Jefferson,ocd-division/country:us/state:mt/county:jefferson,17,,,,,2000
2016-01-30 15:57:28.232000,mt-2000-06-06-primary,2000-06-06 00:00:00,2000-06-06 00:00:00,primary,certified,False,Secretary of State,,J.R. Myers,,,,,Reform,,Hill,ocd-division/country:us/state:mt/county:hill,14,,,,,2000
2016-01-30 15:57:28.232000,mt-2000-06-06-primary,2000-06-06 00:00:00,2000-06-06 00:00:00,primary,certified,False,Secretary of State,,J.R. Myers,,,,,Reform,,Granite,ocd-division/country:us/state:mt/county:granite,1,,,,,2000
2016-01-30 15:57:28.232000,mt-2000-06-06-primary,2000-06-06 00:00:00,2000-06-06 00:00:00,primary,certified,False,Secretary of State,,J.R. Myers,,,,,Reform,,Golden Valley,ocd-division/country:us/state:mt/county:golden_valley,2,,,,,2000
2016-01-30 15:57:28.232000,mt-2000-06-06-primary,2000-06-06 00:00:00,2000-06-06 00:00:00,primary,certified,False,Secretary of State,,J.R. Myers,,,,,Reform,,Glacier,ocd-division/country:us/state:mt/county:glacier,3,,,,,2000
2016-01-30 15:57:28.232000,mt-2000-06-06-primary,2000-06-06 00:00:00,2000-06-06 00:00:00,primary,certified,False,Secretary of State,,J.R. Myers,,,,,Reform,,Garfield,ocd-division/country:us/state:mt/county:garfield,2,,,,,2000
2016-01-30 15:57:28.232000,mt-2000-06-06-primary,2000-06-06 00:00:00,2000-06-06 00:00:00,primary,certified,False,Secretary of State,,J.R. Myers,,,,,Reform,,Gallatin,ocd-division/country:us/state:mt/county:gallatin,40,,,,,2000
2016-01-30 15:57:28.232000,mt-2000-06-06-primary,2000-06-06 00:00:00,2000-06-06 00:00:00,primary,certified,False,Secretary of State,,J.R. Myers,,,,,Reform,,Flathead,ocd-division/country:us/state:mt/county:flathead,80,,,,,2000
2016-01-30 15:57:28.232000,mt-2000-06-06-primary,2000-06-06 00:00:00,2000-06-06 00:00:00,primary,certified,False,Secretary of State,,J.R. Myers,,,,,Reform,,Fergus,ocd-division/country:us/state:mt/county:fergus,19,,,,,2000
2016-01-30 15:57:28.232000,mt-2000-06-06-primary,2000-06-06 00:00:00,2000-06-06 00:00:00,primary,certified,False,Secretary of State,,J.R. Myers,,,,,Reform,,Fallon,ocd-division/country:us/state:mt/county:fallon,3,,,,,2000
2016-01-30 15:57:28.232000,mt-2000-06-06-primary,2000-06-06 00:00:00,2000-06-06 00:00:00,primary,certified,False,Secretary of State,,J.R. Myers,,,,,Reform,,Deer Lodge,ocd-division/country:us/state:mt/county:deer_lodge,31,,,,,2000
2016-01-30 15:57:28.232000,mt-2000-06-06-primary,2000-06-06 00:00:00,2000-06-06 00:00:00,primary,certified,False,Secretary of State,,J.R. Myers,,,,,Reform,,Dawson,ocd-division/country:us/state:mt/county:dawson,4,,,,,2000
2016-01-30 15:57:28.232000,mt-2000-06-06-primary,2000-06-06 00:00:00,2000-06-06 00:00:00,primary,certified,False,Secretary of State,,J.R. Myers,,,,,Reform,,Daniels,ocd-division/country:us/state:mt/county:daniels,2,,,,,2000
2016-01-30 15:57:28.232000,mt-2000-06-06-primary,2000-06-06 00:00:00,2000-06-06 00:00:00,primary,certified,False,Secretary of State,,J.R. Myers,,,,,Reform,,Custer,ocd-division/country:us/state:mt/county:custer,18,,,,,2000
2016-01-30 15:57:28.232000,mt-2000-06-06-primary,2000-06-06 00:00:00,2000-06-06 00:00:00,primary,certified,False,Secretary of State,,J.R. Myers,,,,,Reform,,Chouteau,ocd-division/country:us/state:mt/county:chouteau,6,,,,,2000
2016-01-30 15:57:28.232000,mt-2000-06-06-primary,2000-06-06 00:00:00,2000-06-06 00:00:00,primary,certified,False,Secretary of State,,J.R. Myers,,,,,Reform,,Cascade,ocd-division/country:us/state:mt/county:cascade,80,,,,,2000
2016-01-30 15:57:28.232000,mt-2000-06-06-primary,2000-06-06 00:00:00,2000-06-06 00:00:00,primary,certified,False,Secretary of State,,J.R. Myers,,,,,Reform,,Carter,ocd-division/country:us/state:mt/county:carter,1,,,,,2000
2016-01-30 15:57:28.232000,mt-2000-06-06-primary,2000-06-06 00:00:00,2000-06-06 00:00:00,primary,certified,False,Secretary of State,,J.R. Myers,,,,,Reform,,Carbon,ocd-division/country:us/state:mt/county:carbon,11,,,,,2000
2016-01-30 15:57:28.232000,mt-2000-06-06-primary,2000-06-06 00:00:00,2000-06-06 00:00:00,primary,certified,False,Secretary of State,,J.R. Myers,,,,,Reform,,Broadwater,ocd-division/country:us/state:mt/county:broadwater,61,,,,,2000
2016-01-30 15:57:28.232000,mt-2000-06-06-primary,2000-06-06 00:00:00,2000-06-06 00:00:00,primary,certified,False,Secretary of State,,J.R. Myers,,,,,Reform,,Blaine,ocd-division/country:us/state:mt/county:blaine,8,,,,,2000
2016-01-30 15:57:28.232000,mt-2000-06-06-primary,2000-06-06 00:00:00,2000-06-06 00:00:00,primary,certified,False,Secretary of State,,J.R. Myers,,,,,Reform,,Big Horn,ocd-division/country:us/state:mt/county:big_horn,6,,,,,2000
2016-01-30 15:57:28.232000,mt-2000-06-06-primary,2000-06-06 00:00:00,2000-06-06 00:00:00,primary,certified,False,Secretary of State,,J.R. Myers,,,,,Reform,,Beaverhead,ocd-division/country:us/state:mt/county:beaverhead,7,,,,,2000
2016-01-30 15:57:28.232000,mt-2000-06-06-primary,2000-06-06 00:00:00,2000-06-06 00:00:00,primary,certified,False,Secretary of State,,Paul Tuss,,,,,Democrat,,Yellowstone,ocd-division/country:us/state:mt/county:yellowstone,3030,,,,,2000
2016-01-30 15:57:28.232000,mt-2000-06-06-primary,2000-06-06 00:00:00,2000-06-06 00:00:00,primary,certified,False,Secretary of State,,Paul Tuss,,,,,Democrat,,Wibaux,ocd-division/country:us/state:mt/county:wibaux,46,,,,,2000
2016-01-30 15:57:28.232000,mt-2000-06-06-primary,2000-06-06 00:00:00,2000-06-06 00:00:00,primary,certified,False,Secretary of State,,Paul Tuss,,,,,Democrat,,Wheatland,ocd-division/country:us/state:mt/county:wheatland,56,,,,,2000
2016-01-30 15:57:28.232000,mt-2000-06-06-primary,2000-06-06 00:00:00,2000-06-06 00:00:00,primary,certified,False,Secretary of State,,Paul Tuss,,,,,Democrat,,Valley,ocd-division/country:us/state:mt/county:valley,264,,,,,2000
2016-01-30 15:57:28.232000,mt-2000-06-06-primary,2000-06-06 00:00:00,2000-06-06 00:00:00,primary,certified,False,Secretary of State,,Paul Tuss,,,,,Democrat,,Treasure,ocd-division/country:us/state:mt/county:treasure,23,,,,,2000
2016-01-30 15:57:28.232000,mt-2000-06-06-primary,2000-06-06 00:00:00,2000-06-06 00:00:00,primary,certified,False,Secretary of State,,Paul Tuss,,,,,Democrat,,Toole,ocd-division/country:us/state:mt/county:toole,256,,,,,2000
2016-01-30 15:57:28.232000,mt-2000-06-06-primary,2000-06-06 00:00:00,2000-06-06 00:00:00,primary,certified,False,Secretary of State,,Paul Tuss,,,,,Democrat,,Teton,ocd-division/country:us/state:mt/county:teton,271,,,,,2000
2016-01-30 15:57:28.232000,mt-2000-06-06-primary,2000-06-06 00:00:00,2000-06-06 00:00:00,primary,certified,False,Secretary of State,,Paul Tuss,,,,,Democrat,,Sweet Grass,ocd-division/country:us/state:mt/county:sweet_grass,35,,,,,2000
2016-01-30 15:57:28.232000,mt-2000-06-06-primary,2000-06-06 00:00:00,2000-06-06 00:00:00,primary,certified,False,Secretary of State,,Paul Tuss,,,,,Democrat,,Stillwater,ocd-division/country:us/state:mt/county:stillwater,179,,,,,2000
2016-01-30 15:57:28.232000,mt-2000-06-06-primary,2000-06-06 00:00:00,2000-06-06 00:00:00,primary,certified,False,Secretary of State,,Paul Tuss,,,,,Democrat,,Silver Bow,ocd-division/country:us/state:mt/county:silver_bow,3549,,,,,2000
2016-01-30 15:57:28.232000,mt-2000-06-06-primary,2000-06-06 00:00:00,2000-06-06 00:00:00,primary,certified,False,Secretary of State,,Paul Tuss,,,,,Democrat,,Sheridan,ocd-division/country:us/state:mt/county:sheridan,124,,,,,2000
2016-01-30 15:57:28.232000,mt-2000-06-06-primary,2000-06-06 00:00:00,2000-06-06 00:00:00,primary,certified,False,Secretary of State,,Paul Tuss,,,,,Democrat,,Sanders,ocd-division/country:us/state:mt/county:sanders,242,,,,,2000
2016-01-30 15:57:28.232000,mt-2000-06-06-primary,2000-06-06 00:00:00,2000-06-06 00:00:00,primary,certified,False,Secretary of State,,Paul Tuss,,,,,Democrat,,Rosebud,ocd-division/country:us/state:mt/county:rosebud,238,,,,,2000
2016-01-30 15:57:28.232000,mt-2000-06-06-primary,2000-06-06 00:00:00,2000-06-06 00:00:00,primary,certified,False,Secretary of State,,Paul Tuss,,,,,Democrat,,Roosevelt,ocd-division/country:us/state:mt/county:roosevelt,296,,,,,2000
2016-01-30 15:57:28.232000,mt-2000-06-06-primary,2000-06-06 00:00:00,2000-06-06 00:00:00,primary,certified,False,Secretary of State,,Paul Tuss,,,,,Democrat,,Richland,ocd-division/country:us/state:mt/county:richland,120,,,,,2000
2016-01-30 15:57:28.232000,mt-2000-06-06-primary,2000-06-06 00:00:00,2000-06-06 00:00:00,primary,certified,False,Secretary of State,,Paul Tuss,,,,,Democrat,,Ravalli,ocd-division/country:us/state:mt/county:ravalli,566,,,,,2000
2016-01-30 15:57:28.232000,mt-2000-06-06-primary,2000-06-06 00:00:00,2000-06-06 00:00:00,primary,certified,False,Secretary of State,,Paul Tuss,,,,,Democrat,,Prairie,ocd-division/country:us/state:mt/county:prairie,28,,,,,2000
2016-01-30 15:57:28.232000,mt-2000-06-06-primary,2000-06-06 00:00:00,2000-06-06 00:00:00,primary,certified,False,Secretary of State,,Paul Tuss,,,,,Democrat,,Powell,ocd-division/country:us/state:mt/county:powell,194,,,,,2000
2016-01-30 15:57:28.232000,mt-2000-06-06-primary,2000-06-06 00:00:00,2000-06-06 00:00:00,primary,certified,False,Secretary of State,,Paul Tuss,,,,,Democrat,,Powder River,ocd-division/country:us/state:mt/county:powder_river,11,,,,,2000
2016-01-30 15:57:28.232000,mt-2000-06-06-primary,2000-06-06 00:00:00,2000-06-06 00:00:00,primary,certified,False,Secretary of State,,Paul Tuss,,,,,Democrat,,Pondera,ocd-division/country:us/state:mt/county:pondera,424,,,,,2000
2016-01-30 15:57:28.232000,mt-2000-06-06-primary,2000-06-06 00:00:00,2000-06-06 00:00:00,primary,certified,False,Secretary of State,,Paul Tuss,,,,,Democrat,,Phillips,ocd-division/country:us/state:mt/county:phillips,87,,,,,2000
2016-01-30 15:57:28.232000,mt-2000-06-06-primary,2000-06-06 00:00:00,2000-06-06 00:00:00,primary,certified,False,Secretary of State,,Paul Tuss,,,,,Democrat,,Petroleum,ocd-division/country:us/state:mt/county:petroleum,10,,,,,2000
2016-01-30 15:57:28.232000,mt-2000-06-06-primary,2000-06-06 00:00:00,2000-06-06 00:00:00,primary,certified,False,Secretary of State,,Paul Tuss,,,,,Democrat,,Park,ocd-division/country:us/state:mt/county:park,191,,,,,2000
2016-01-30 15:57:28.232000,mt-2000-06-06-primary,2000-06-06 00:00:00,2000-06-06 00:00:00,primary,certified,False,Secretary of State,,Paul Tuss,,,,,Democrat,,Musselshell,ocd-division/country:us/state:mt/county:musselshell,80,,,,,2000
2016-01-30 15:57:28.232000,mt-2000-06-06-primary,2000-06-06 00:00:00,2000-06-06 00:00:00,primary,certified,False,Secretary of State,,Paul Tuss,,,,,Democrat,,Missoula,ocd-division/country:us/state:mt/county:missoula,2920,,,,,2000
2016-01-30 15:57:28.232000,mt-2000-06-06-primary,2000-06-06 00:00:00,2000-06-06 00:00:00,primary,certified,False,Secretary of State,,Paul Tuss,,,,,Democrat,,Mineral,ocd-division/country:us/state:mt/county:mineral,111,,,,,2000
2016-01-30 15:57:28.232000,mt-2000-06-06-primary,2000-06-06 00:00:00,2000-06-06 00:00:00,primary,certified,False,Secretary of State,,Paul Tuss,,,,,Democrat,,Meagher,ocd-division/country:us/state:mt/county:meagher,45,,,,,2000
2016-01-30 15:57:28.232000,mt-2000-06-06-primary,2000-06-06 00:00:00,2000-06-06 00:00:00,primary,certified,False,Secretary of State,,Paul Tuss,,,,,Democrat,,McCone,ocd-division/country:us/state:mt/county:mccone,47,,,,,2000
2016-01-30 15:57:28.232000,mt-2000-06-06-primary,2000-06-06 00:00:00,2000-06-06 00:00:00,primary,certified,False,Secretary of State,,Paul Tuss,,,,,Democrat,,Madison,ocd-division/country:us/state:mt/county:madison,116,,,,,2000
2016-01-30 15:57:28.232000,mt-2000-06-06-primary,2000-06-06 00:00:00,2000-06-06 00:00:00,primary,certified,False,Secretary of State,,Paul Tuss,,,,,Democrat,,Lincoln,ocd-division/country:us/state:mt/county:lincoln,330,,,,,2000
2016-01-30 15:57:28.232000,mt-2000-06-06-primary,2000-06-06 00:00:00,2000-06-06 00:00:00,primary,certified,False,Secretary of State,,Paul Tuss,,,,,Democrat,,Liberty,ocd-division/country:us/state:mt/county:liberty,89,,,,,2000
2016-01-30 15:57:28.232000,mt-2000-06-06-primary,2000-06-06 00:00:00,2000-06-06 00:00:00,primary,certified,False,Secretary of State,,Paul Tuss,,,,,Democrat,,Lewis & Clark,ocd-division/country:us/state:mt/county:lewis_and_clark,2389,,,,,2000
2016-01-30 15:57:28.232000,mt-2000-06-06-primary,2000-06-06 00:00:00,2000-06-06 00:00:00,primary,certified,False,Secretary of State,,Paul Tuss,,,,,Democrat,,Lake,ocd-division/country:us/state:mt/county:lake,468,,,,,2000
2016-01-30 15:57:28.232000,mt-2000-06-06-primary,2000-06-06 00:00:00,2000-06-06 00:00:00,primary,certified,False,Secretary of State,,Paul Tuss,,,,,Democrat,,Judith Basin,ocd-division/country:us/state:mt/county:judith_basin,128,,,,,2000
2016-01-30 15:57:28.232000,mt-2000-06-06-primary,2000-06-06 00:00:00,2000-06-06 00:00:00,primary,certified,False,Secretary of State,,Paul Tuss,,,,,Democrat,,Jefferson,ocd-division/country:us/state:mt/county:jefferson,375,,,,,2000
2016-01-30 15:57:28.232000,mt-2000-06-06-primary,2000-06-06 00:00:00,2000-06-06 00:00:00,primary,certified,False,Secretary of State,,Paul Tuss,,,,,Democrat,,Hill,ocd-division/country:us/state:mt/county:hill,860,,,,,2000
2016-01-30 15:57:28.232000,mt-2000-06-06-primary,2000-06-06 00:00:00,2000-06-06 00:00:00,primary,certified,False,Secretary of State,,Paul Tuss,,,,,Democrat,,Granite,ocd-division/country:us/state:mt/county:granite,93,,,,,2000
2016-01-30 15:57:28.232000,mt-2000-06-06-primary,2000-06-06 00:00:00,2000-06-06 00:00:00,primary,certified,False,Secretary of State,,Paul Tuss,,,,,Democrat,,Golden Valley,ocd-division/country:us/state:mt/county:golden_valley,20,,,,,2000
2016-01-30 15:57:28.232000,mt-2000-06-06-primary,2000-06-06 00:00:00,2000-06-06 00:00:00,primary,certified,False,Secretary of State,,Paul Tuss,,,,,Democrat,,Glacier,ocd-division/country:us/state:mt/county:glacier,1171,,,,,2000
2016-01-30 15:57:28.232000,mt-2000-06-06-primary,2000-06-06 00:00:00,2000-06-06 00:00:00,primary,certified,False,Secretary of State,,Paul Tuss,,,,,Democrat,,Garfield,ocd-division/country:us/state:mt/county:garfield,19,,,,,2000
2016-01-30 15:57:28.232000,mt-2000-06-06-primary,2000-06-06 00:00:00,2000-06-06 00:00:00,primary,certified,False,Secretary of State,,Paul Tuss,,,,,Democrat,,Gallatin,ocd-division/country:us/state:mt/county:gallatin,835,,,,,2000
2016-01-30 15:57:28.232000,mt-2000-06-06-primary,2000-06-06 00:00:00,2000-06-06 00:00:00,primary,certified,False,Secretary of State,,Paul Tuss,,,,,Democrat,,Flathead,ocd-division/country:us/state:mt/county:flathead,1175,,,,,2000
2016-01-30 15:57:28.232000,mt-2000-06-06-primary,2000-06-06 00:00:00,2000-06-06 00:00:00,primary,certified,False,Secretary of State,,Paul Tuss,,,,,Democrat,,Fergus,ocd-division/country:us/state:mt/county:fergus,435,,,,,2000
2016-01-30 15:57:28.232000,mt-2000-06-06-primary,2000-06-06 00:00:00,2000-06-06 00:00:00,primary,certified,False,Secretary of State,,Paul Tuss,,,,,Democrat,,Fallon,ocd-division/country:us/state:mt/county:fallon,56,,,,,2000
2016-01-30 15:57:28.232000,mt-2000-06-06-primary,2000-06-06 00:00:00,2000-06-06 00:00:00,primary,certified,False,Secretary of State,,Paul Tuss,,,,,Democrat,,Deer Lodge,ocd-division/country:us/state:mt/county:deer_lodge,2420,,,,,2000
2016-01-30 15:57:28.232000,mt-2000-06-06-primary,2000-06-06 00:00:00,2000-06-06 00:00:00,primary,certified,False,Secretary of State,,Paul Tuss,,,,,Democrat,,Dawson,ocd-division/country:us/state:mt/county:dawson,230,,,,,2000
2016-01-30 15:57:28.232000,mt-2000-06-06-primary,2000-06-06 00:00:00,2000-06-06 00:00:00,primary,certified,False,Secretary of State,,Paul Tuss,,,,,Democrat,,Daniels,ocd-division/country:us/state:mt/county:daniels,30,,,,,2000
2016-01-30 15:57:28.232000,mt-2000-06-06-primary,2000-06-06 00:00:00,2000-06-06 00:00:00,primary,certified,False,Secretary of State,,Paul Tuss,,,,,Democrat,,Custer,ocd-division/country:us/state:mt/county:custer,318,,,,,2000
2016-01-30 15:57:28.232000,mt-2000-06-06-primary,2000-06-06 00:00:00,2000-06-06 00:00:00,primary,certified,False,Secretary of State,,Paul Tuss,,,,,Democrat,,Chouteau,ocd-division/country:us/state:mt/county:chouteau,182,,,,,2000
2016-01-30 15:57:28.232000,mt-2000-06-06-primary,2000-06-06 00:00:00,2000-06-06 00:00:00,primary,certified,False,Secretary of State,,Paul Tuss,,,,,Democrat,,Cascade,ocd-division/country:us/state:mt/county:cascade,4178,,,,,2000
2016-01-30 15:57:28.232000,mt-2000-06-06-primary,2000-06-06 00:00:00,2000-06-06 00:00:00,primary,certified,False,Secretary of State,,Paul Tuss,,,,,Democrat,,Carter,ocd-division/country:us/state:mt/county:carter,16,,,,,2000
2016-01-30 15:57:28.232000,mt-2000-06-06-primary,2000-06-06 00:00:00,2000-06-06 00:00:00,primary,certified,False,Secretary of State,,Paul Tuss,,,,,Democrat,,Carbon,ocd-division/country:us/state:mt/county:carbon,306,,,,,2000
2016-01-30 15:57:28.232000,mt-2000-06-06-primary,2000-06-06 00:00:00,2000-06-06 00:00:00,primary,certified,False,Secretary of State,,Paul Tuss,,,,,Democrat,,Broadwater,ocd-division/country:us/state:mt/county:broadwater,79,,,,,2000
2016-01-30 15:57:28.232000,mt-2000-06-06-primary,2000-06-06 00:00:00,2000-06-06 00:00:00,primary,certified,False,Secretary of State,,Paul Tuss,,,,,Democrat,,Blaine,ocd-division/country:us/state:mt/county:blaine,265,,,,,2000
2016-01-30 15:57:28.232000,mt-2000-06-06-primary,2000-06-06 00:00:00,2000-06-06 00:00:00,primary,certified,False,Secretary of State,,Paul Tuss,,,,,Democrat,,Big Horn,ocd-division/country:us/state:mt/county:big_horn,329,,,,,2000
2016-01-30 15:57:28.232000,mt-2000-06-06-primary,2000-06-06 00:00:00,2000-06-06 00:00:00,primary,certified,False,Secretary of State,,Paul Tuss,,,,,Democrat,,Beaverhead,ocd-division/country:us/state:mt/county:beaverhead,139,,,,,2000
2016-01-30 15:57:28.232000,mt-2000-06-06-primary,2000-06-06 00:00:00,2000-06-06 00:00:00,primary,certified,False,Secretary of State,,Hal Harper,,,,,Democrat,,Yellowstone,ocd-division/country:us/state:mt/county:yellowstone,5915,,,,,2000
2016-01-30 15:57:28.232000,mt-2000-06-06-primary,2000-06-06 00:00:00,2000-06-06 00:00:00,primary,certified,False,Secretary of State,,Hal Harper,,,,,Democrat,,Wibaux,ocd-division/country:us/state:mt/county:wibaux,60,,,,,2000
2016-01-30 15:57:28.232000,mt-2000-06-06-primary,2000-06-06 00:00:00,2000-06-06 00:00:00,primary,certified,False,Secretary of State,,Hal Harper,,,,,Democrat,,Wheatland,ocd-division/country:us/state:mt/county:wheatland,88,,,,,2000
2016-01-30 15:57:28.232000,mt-2000-06-06-primary,2000-06-06 00:00:00,2000-06-06 00:00:00,primary,certified,False,Secretary of State,,Hal Harper,,,,,Democrat,,Valley,ocd-division/country:us/state:mt/county:valley,485,,,,,2000
2016-01-30 15:57:28.232000,mt-2000-06-06-primary,2000-06-06 00:00:00,2000-06-06 00:00:00,primary,certified,False,Secretary of State,,Hal Harper,,,,,Democrat,,Treasure,ocd-division/country:us/state:mt/county:treasure,67,,,,,2000
2016-01-30 15:57:28.232000,mt-2000-06-06-primary,2000-06-06 00:00:00,2000-06-06 00:00:00,primary,certified,False,Secretary of State,,Hal Harper,,,,,Democrat,,Toole,ocd-division/country:us/state:mt/county:toole,179,,,,,2000
2016-01-30 15:57:28.232000,mt-2000-06-06-primary,2000-06-06 00:00:00,2000-06-06 00:00:00,primary,certified,False,Secretary of State,,Hal Harper,,,,,Democrat,,Teton,ocd-division/country:us/state:mt/county:teton,275,,,,,2000
2016-01-30 15:57:28.232000,mt-2000-06-06-primary,2000-06-06 00:00:00,2000-06-06 00:00:00,primary,certified,False,Secretary of State,,Hal Harper,,,,,Democrat,,Sweet Grass,ocd-division/country:us/state:mt/county:sweet_grass,107,,,,,2000
2016-01-30 15:57:28.232000,mt-2000-06-06-primary,2000-06-06 00:00:00,2000-06-06 00:00:00,primary,certified,False,Secretary of State,,Hal Harper,,,,,Democrat,,Stillwater,ocd-division/country:us/state:mt/county:stillwater,381,,,,,2000
2016-01-30 15:57:28.232000,mt-2000-06-06-primary,2000-06-06 00:00:00,2000-06-06 00:00:00,primary,certified,False,Secretary of State,,Hal Harper,,,,,Democrat,,Silver Bow,ocd-division/country:us/state:mt/county:silver_bow,4593,,,,,2000
2016-01-30 15:57:28.232000,mt-2000-06-06-primary,2000-06-06 00:00:00,2000-06-06 00:00:00,primary,certified,False,Secretary of State,,Hal Harper,,,,,Democrat,,Sheridan,ocd-division/country:us/state:mt/county:sheridan,201,,,,,2000
2016-01-30 15:57:28.232000,mt-2000-06-06-primary,2000-06-06 00:00:00,2000-06-06 00:00:00,primary,certified,False,Secretary of State,,Hal Harper,,,,,Democrat,,Sanders,ocd-division/country:us/state:mt/county:sanders,485,,,,,2000
2016-01-30 15:57:28.232000,mt-2000-06-06-primary,2000-06-06 00:00:00,2000-06-06 00:00:00,primary,certified,False,Secretary of State,,Hal Harper,,,,,Democrat,,Rosebud,ocd-division/country:us/state:mt/county:rosebud,374,,,,,2000
2016-01-30 15:57:28.232000,mt-2000-06-06-primary,2000-06-06 00:00:00,2000-06-06 00:00:00,primary,certified,False,Secretary of State,,Hal Harper,,,,,Democrat,,Roosevelt,ocd-division/country:us/state:mt/county:roosevelt,470,,,,,2000
2016-01-30 15:57:28.232000,mt-2000-06-06-primary,2000-06-06 00:00:00,2000-06-06 00:00:00,primary,certified,False,Secretary of State,,Hal Harper,,,,,Democrat,,Richland,ocd-division/country:us/state:mt/county:richland,480,,,,,2000
2016-01-30 15:57:28.232000,mt-2000-06-06-primary,2000-06-06 00:00:00,2000-06-06 00:00:00,primary,certified,False,Secretary of State,,Hal Harper,,,,,Democrat,,Ravalli,ocd-division/country:us/state:mt/county:ravalli,1456,,,,,2000
2016-01-30 15:57:28.232000,mt-2000-06-06-primary,2000-06-06 00:00:00,2000-06-06 00:00:00,primary,certified,False,Secretary of State,,Hal Harper,,,,,Democrat,,Prairie,ocd-division/country:us/state:mt/county:prairie,56,,,,,2000
2016-01-30 15:57:28.232000,mt-2000-06-06-primary,2000-06-06 00:00:00,2000-06-06 00:00:00,primary,certified,False,Secretary of State,,Hal Harper,,,,,Democrat,,Powell,ocd-division/country:us/state:mt/county:powell,301,,,,,2000
2016-01-30 15:57:28.232000,mt-2000-06-06-primary,2000-06-06 00:00:00,2000-06-06 00:00:00,primary,certified,False,Secretary of State,,Hal Harper,,,,,Democrat,,Powder River,ocd-division/country:us/state:mt/county:powder_river,18,,,,,2000
2016-01-30 15:57:28.232000,mt-2000-06-06-primary,2000-06-06 00:00:00,2000-06-06 00:00:00,primary,certified,False,Secretary of State,,Hal Harper,,,,,Democrat,,Pondera,ocd-division/country:us/state:mt/county:pondera,310,,,,,2000
2016-01-30 15:57:28.232000,mt-2000-06-06-primary,2000-06-06 00:00:00,2000-06-06 00:00:00,primary,certified,False,Secretary of State,,Hal Harper,,,,,Democrat,,Phillips,ocd-division/country:us/state:mt/county:phillips,103,,,,,2000
2016-01-30 15:57:28.232000,mt-2000-06-06-primary,2000-06-06 00:00:00,2000-06-06 00:00:00,primary,certified,False,Secretary of State,,Hal Harper,,,,,Democrat,,Petroleum,ocd-division/country:us/state:mt/county:petroleum,21,,,,,2000
2016-01-30 15:57:28.232000,mt-2000-06-06-primary,2000-06-06 00:00:00,2000-06-06 00:00:00,primary,certified,False,Secretary of State,,Hal Harper,,,,,Democrat,,Park,ocd-division/country:us/state:mt/county:park,854,,,,,2000
2016-01-30 15:57:28.232000,mt-2000-06-06-primary,2000-06-06 00:00:00,2000-06-06 00:00:00,primary,certified,False,Secretary of State,,Hal Harper,,,,,Democrat,,Musselshell,ocd-division/country:us/state:mt/county:musselshell,218,,,,,2000
2016-01-30 15:57:28.232000,mt-2000-06-06-primary,2000-06-06 00:00:00,2000-06-06 00:00:00,primary,certified,False,Secretary of State,,Hal Harper,,,,,Democrat,,Missoula,ocd-division/country:us/state:mt/county:missoula,6869,,,,,2000
2016-01-30 15:57:28.232000,mt-2000-06-06-primary,2000-06-06 00:00:00,2000-06-06 00:00:00,primary,certified,False,Secretary of State,,Hal Harper,,,,,Democrat,,Mineral,ocd-division/country:us/state:mt/county:mineral,248,,,,,2000
2016-01-30 15:57:28.232000,mt-2000-06-06-primary,2000-06-06 00:00:00,2000-06-06 00:00:00,primary,certified,False,Secretary of State,,Hal Harper,,,,,Democrat,,Meagher,ocd-division/country:us/state:mt/county:meagher,87,,,,,2000
2016-01-30 15:57:28.232000,mt-2000-06-06-primary,2000-06-06 00:00:00,2000-06-06 00:00:00,primary,certified,False,Secretary of State,,Hal Harper,,,,,Democrat,,McCone,ocd-division/country:us/state:mt/county:mccone,129,,,,,2000
2016-01-30 15:57:28.232000,mt-2000-06-06-primary,2000-06-06 00:00:00,2000-06-06 00:00:00,primary,certified,False,Secretary of State,,Hal Harper,,,,,Democrat,,Madison,ocd-division/country:us/state:mt/county:madison,295,,,,,2000
2016-01-30 15:57:28.232000,mt-2000-06-06-primary,2000-06-06 00:00:00,2000-06-06 00:00:00,primary,certified,False,Secretary of State,,Hal Harper,,,,,Democrat,,Lincoln,ocd-division/country:us/state:mt/county:lincoln,686,,,,,2000
2016-01-30 15:57:28.232000,mt-2000-06-06-primary,2000-06-06 00:00:00,2000-06-06 00:00:00,primary,certified,False,Secretary of State,,Hal Harper,,,,,Democrat,,Liberty,ocd-division/country:us/state:mt/county:liberty,86,,,,,2000
2016-01-30 15:57:28.232000,mt-2000-06-06-primary,2000-06-06 00:00:00,2000-06-06 00:00:00,primary,certified,False,Secretary of State,,Hal Harper,,,,,Democrat,,Lewis & Clark,ocd-division/country:us/state:mt/county:lewis_and_clark,8311,,,,,2000
2016-01-30 15:57:28.232000,mt-2000-06-06-primary,2000-06-06 00:00:00,2000-06-06 00:00:00,primary,certified,False,Secretary of State,,Hal Harper,,,,,Democrat,,Lake,ocd-division/country:us/state:mt/county:lake,1081,,,,,2000
2016-01-30 15:57:28.232000,mt-2000-06-06-primary,2000-06-06 00:00:00,2000-06-06 00:00:00,primary,certified,False,Secretary of State,,Hal Harper,,,,,Democrat,,Judith Basin,ocd-division/country:us/state:mt/county:judith_basin,120,,,,,2000
2016-01-30 15:57:28.232000,mt-2000-06-06-primary,2000-06-06 00:00:00,2000-06-06 00:00:00,primary,certified,False,Secretary of State,,Hal Harper,,,,,Democrat,,Jefferson,ocd-division/country:us/state:mt/county:jefferson,995,,,,,2000
2016-01-30 15:57:28.232000,mt-2000-06-06-primary,2000-06-06 00:00:00,2000-06-06 00:00:00,primary,certified,False,Secretary of State,,Hal Harper,,,,,Democrat,,Hill,ocd-division/country:us/state:mt/county:hill,1154,,,,,2000
2016-01-30 15:57:28.232000,mt-2000-06-06-primary,2000-06-06 00:00:00,2000-06-06 00:00:00,primary,certified,False,Secretary of State,,Hal Harper,,,,,Democrat,,Granite,ocd-division/country:us/state:mt/county:granite,92,,,,,2000
2016-01-30 15:57:28.232000,mt-2000-06-06-primary,2000-06-06 00:00:00,2000-06-06 00:00:00,primary,certified,False,Secretary of State,,Hal Harper,,,,,Democrat,,Golden Valley,ocd-division/country:us/state:mt/county:golden_valley,39,,,,,2000
2016-01-30 15:57:28.232000,mt-2000-06-06-primary,2000-06-06 00:00:00,2000-06-06 00:00:00,primary,certified,False,Secretary of State,,Hal Harper,,,,,Democrat,,Glacier,ocd-division/country:us/state:mt/county:glacier,513,,,,,2000
2016-01-30 15:57:28.232000,mt-2000-06-06-primary,2000-06-06 00:00:00,2000-06-06 00:00:00,primary,certified,False,Secretary of State,,Hal Harper,,,,,Democrat,,Garfield,ocd-division/country:us/state:mt/county:garfield,31,,,,,2000
2016-01-30 15:57:28.232000,mt-2000-06-06-primary,2000-06-06 00:00:00,2000-06-06 00:00:00,primary,certified,False,Secretary of State,,Hal Harper,,,,,Democrat,,Gallatin,ocd-division/country:us/state:mt/county:gallatin,2104,,,,,2000
2016-01-30 15:57:28.232000,mt-2000-06-06-primary,2000-06-06 00:00:00,2000-06-06 00:00:00,primary,certified,False,Secretary of State,,Hal Harper,,,,,Democrat,,Flathead,ocd-division/country:us/state:mt/county:flathead,2905,,,,,2000
2016-01-30 15:57:28.232000,mt-2000-06-06-primary,2000-06-06 00:00:00,2000-06-06 00:00:00,primary,certified,False,Secretary of State,,Hal Harper,,,,,Democrat,,Fergus,ocd-division/country:us/state:mt/county:fergus,566,,,,,2000
2016-01-30 15:57:28.232000,mt-2000-06-06-primary,2000-06-06 00:00:00,2000-06-06 00:00:00,primary,certified,False,Secretary of State,,Hal Harper,,,,,Democrat,,Fallon,ocd-division/country:us/state:mt/county:fallon,113,,,,,2000
2016-01-30 15:57:28.232000,mt-2000-06-06-primary,2000-06-06 00:00:00,2000-06-06 00:00:00,primary,certified,False,Secretary of State,,Hal Harper,,,,,Democrat,,Deer Lodge,ocd-division/country:us/state:mt/county:deer_lodge,361,,,,,2000
2016-01-30 15:57:28.232000,mt-2000-06-06-primary,2000-06-06 00:00:00,2000-06-06 00:00:00,primary,certified,False,Secretary of State,,Hal Harper,,,,,Democrat,,Dawson,ocd-division/country:us/state:mt/county:dawson,446,,,,,2000
2016-01-30 15:57:28.232000,mt-2000-06-06-primary,2000-06-06 00:00:00,2000-06-06 00:00:00,primary,certified,False,Secretary of State,,Hal Harper,,,,,Democrat,,Daniels,ocd-division/country:us/state:mt/county:daniels,78,,,,,2000
2016-01-30 15:57:28.232000,mt-2000-06-06-primary,2000-06-06 00:00:00,2000-06-06 00:00:00,primary,certified,False,Secretary of State,,Hal Harper,,,,,Democrat,,Custer,ocd-division/country:us/state:mt/county:custer,630,,,,,2000
2016-01-30 15:57:28.232000,mt-2000-06-06-primary,2000-06-06 00:00:00,2000-06-06 00:00:00,primary,certified,False,Secretary of State,,Hal Harper,,,,,Democrat,,Chouteau,ocd-division/country:us/state:mt/county:chouteau,252,,,,,2000
2016-01-30 15:57:28.232000,mt-2000-06-06-primary,2000-06-06 00:00:00,2000-06-06 00:00:00,primary,certified,False,Secretary of State,,Hal Harper,,,,,Democrat,,Cascade,ocd-division/country:us/state:mt/county:cascade,4357,,,,,2000
2016-01-30 15:57:28.232000,mt-2000-06-06-primary,2000-06-06 00:00:00,2000-06-06 00:00:00,primary,certified,False,Secretary of State,,Hal Harper,,,,,Democrat,,Carter,ocd-division/country:us/state:mt/county:carter,24,,,,,2000
2016-01-30 15:57:28.232000,mt-2000-06-06-primary,2000-06-06 00:00:00,2000-06-06 00:00:00,primary,certified,False,Secretary of State,,Hal Harper,,,,,Democrat,,Carbon,ocd-division/country:us/state:mt/county:carbon,489,,,,,2000
2016-01-30 15:57:28.232000,mt-2000-06-06-primary,2000-06-06 00:00:00,2000-06-06 00:00:00,primary,certified,False,Secretary of State,,Hal Harper,,,,,Democrat,,Broadwater,ocd-division/country:us/state:mt/county:broadwater,327,,,,,2000
2016-01-30 15:57:28.232000,mt-2000-06-06-primary,2000-06-06 00:00:00,2000-06-06 00:00:00,primary,certified,False,Secretary of State,,Hal Harper,,,,,Democrat,,Blaine,ocd-division/country:us/state:mt/county:blaine,346,,,,,2000
2016-01-30 15:57:28.232000,mt-2000-06-06-primary,2000-06-06 00:00:00,2000-06-06 00:00:00,primary,certified,False,Secretary of State,,Hal Harper,,,,,Democrat,,Big Horn,ocd-division/country:us/state:mt/county:big_horn,518,,,,,2000
2016-01-30 15:57:28.232000,mt-2000-06-06-primary,2000-06-06 00:00:00,2000-06-06 00:00:00,primary,certified,False,Secretary of State,,Hal Harper,,,,,Democrat,,Beaverhead,ocd-division/country:us/state:mt/county:beaverhead,220,,,,,2000
2016-01-30 15:57:28.232000,mt-2000-06-06-primary,2000-06-06 00:00:00,2000-06-06 00:00:00,primary,certified,False,Governor,,Rob Natelson,,,,,Republican,,Yellowstone,ocd-division/country:us/state:mt/county:yellowstone,5673,,,,,2000
2016-01-30 15:57:28.232000,mt-2000-06-06-primary,2000-06-06 00:00:00,2000-06-06 00:00:00,primary,certified,False,Governor,,Rob Natelson,,,,,Republican,,Wibaux,ocd-division/country:us/state:mt/county:wibaux,70,,,,,2000
2016-01-30 15:57:28.232000,mt-2000-06-06-primary,2000-06-06 00:00:00,2000-06-06 00:00:00,primary,certified,False,Governor,,Rob Natelson,,,,,Republican,,Wheatland,ocd-division/country:us/state:mt/county:wheatland,115,,,,,2000
2016-01-30 15:57:28.232000,mt-2000-06-06-primary,2000-06-06 00:00:00,2000-06-06 00:00:00,primary,certified,False,Governor,,Rob Natelson,,,,,Republican,,Valley,ocd-division/country:us/state:mt/county:valley,456,,,,,2000
2016-01-30 15:57:28.232000,mt-2000-06-06-primary,2000-06-06 00:00:00,2000-06-06 00:00:00,primary,certified,False,Governor,,Rob Natelson,,,,,Republican,,Treasure,ocd-division/country:us/state:mt/county:treasure,59,,,,,2000
2016-01-30 15:57:28.232000,mt-2000-06-06-primary,2000-06-06 00:00:00,2000-06-06 00:00:00,primary,certified,False,Governor,,Rob Natelson,,,,,Republican,,Toole,ocd-division/country:us/state:mt/county:toole,456,,,,,2000
2016-01-30 15:57:28.232000,mt-2000-06-06-primary,2000-06-06 00:00:00,2000-06-06 00:00:00,primary,certified,False,Governor,,Rob Natelson,,,,,Republican,,Teton,ocd-division/country:us/state:mt/county:teton,638,,,,,2000
2016-01-30 15:57:28.232000,mt-2000-06-06-primary,2000-06-06 00:00:00,2000-06-06 00:00:00,primary,certified,False,Governor,,Rob Natelson,,,,,Republican,,Sweet Grass,ocd-division/country:us/state:mt/county:sweet_grass,277,,,,,2000
2016-01-30 15:57:28.232000,mt-2000-06-06-primary,2000-06-06 00:00:00,2000-06-06 00:00:00,primary,certified,False,Governor,,Rob Natelson,,,,,Republican,,Stillwater,ocd-division/country:us/state:mt/county:stillwater,487,,,,,2000
2016-01-30 15:57:28.232000,mt-2000-06-06-primary,2000-06-06 00:00:00,2000-06-06 00:00:00,primary,certified,False,Governor,,Rob Natelson,,,,,Republican,,Silver Bow,ocd-division/country:us/state:mt/county:silver_bow,634,,,,,2000
2016-01-30 15:57:28.232000,mt-2000-06-06-primary,2000-06-06 00:00:00,2000-06-06 00:00:00,primary,certified,False,Governor,,Rob Natelson,,,,,Republican,,Sheridan,ocd-division/country:us/state:mt/county:sheridan,124,,,,,2000
2016-01-30 15:57:28.232000,mt-2000-06-06-primary,2000-06-06 00:00:00,2000-06-06 00:00:00,primary,certified,False,Governor,,Rob Natelson,,,,,Republican,,Sanders,ocd-division/country:us/state:mt/county:sanders,699,,,,,2000
2016-01-30 15:57:28.232000,mt-2000-06-06-primary,2000-06-06 00:00:00,2000-06-06 00:00:00,primary,certified,False,Governor,,Rob Natelson,,,,,Republican,,Rosebud,ocd-division/country:us/state:mt/county:rosebud,270,,,,,2000
2016-01-30 15:57:28.232000,mt-2000-06-06-primary,2000-06-06 00:00:00,2000-06-06 00:00:00,primary,certified,False,Governor,,Rob Natelson,,,,,Republican,,Roosevelt,ocd-division/country:us/state:mt/county:roosevelt,214,,,,,2000
2016-01-30 15:57:28.232000,mt-2000-06-06-primary,2000-06-06 00:00:00,2000-06-06 00:00:00,primary,certified,False,Governor,,Rob Natelson,,,,,Republican,,Richland,ocd-division/country:us/state:mt/county:richland,485,,,,,2000
2016-01-30 15:57:28.232000,mt-2000-06-06-primary,2000-06-06 00:00:00,2000-06-06 00:00:00,primary,certified,False,Governor,,Rob Natelson,,,,,Republican,,Ravalli,ocd-division/country:us/state:mt/county:ravalli,3823,,,,,2000
2016-01-30 15:57:28.232000,mt-2000-06-06-primary,2000-06-06 00:00:00,2000-06-06 00:00:00,primary,certified,False,Governor,,Rob Natelson,,,,,Republican,,Prairie,ocd-division/country:us/state:mt/county:prairie,133,,,,,2000
2016-01-30 15:57:28.232000,mt-2000-06-06-primary,2000-06-06 00:00:00,2000-06-06 00:00:00,primary,certified,False,Governor,,Rob Natelson,,,,,Republican,,Powell,ocd-division/country:us/state:mt/county:powell,349,,,,,2000
2016-01-30 15:57:28.232000,mt-2000-06-06-primary,2000-06-06 00:00:00,2000-06-06 00:00:00,primary,certified,False,Governor,,Rob Natelson,,,,,Republican,,Powder River,ocd-division/country:us/state:mt/county:powder_river,238,,,,,2000
2016-01-30 15:57:28.232000,mt-2000-06-06-primary,2000-06-06 00:00:00,2000-06-06 00:00:00,primary,certified,False,Governor,,Rob Natelson,,,,,Republican,,Pondera,ocd-division/country:us/state:mt/county:pondera,461,,,,,2000
2016-01-30 15:57:28.232000,mt-2000-06-06-primary,2000-06-06 00:00:00,2000-06-06 00:00:00,primary,certified,False,Governor,,Rob Natelson,,,,,Republican,,Phillips,ocd-division/country:us/state:mt/county:phillips,279,,,,,2000
2016-01-30 15:57:28.232000,mt-2000-06-06-primary,2000-06-06 00:00:00,2000-06-06 00:00:00,primary,certified,False,Governor,,Rob Natelson,,,,,Republican,,Petroleum,ocd-division/country:us/state:mt/county:petroleum,55,,,,,2000
2016-01-30 15:57:28.232000,mt-2000-06-06-primary,2000-06-06 00:00:00,2000-06-06 00:00:00,primary,certified,False,Governor,,Rob Natelson,,,,,Republican,,Park,ocd-division/country:us/state:mt/county:park,845,,,,,2000
2016-01-30 15:57:28.232000,mt-2000-06-06-primary,2000-06-06 00:00:00,2000-06-06 00:00:00,primary,certified,False,Governor,,Rob Natelson,,,,,Republican,,Musselshell,ocd-division/country:us/state:mt/county:musselshell,482,,,,,2000
2016-01-30 15:57:28.232000,mt-2000-06-06-primary,2000-06-06 00:00:00,2000-06-06 00:00:00,primary,certified,False,Governor,,Rob Natelson,,,,,Republican,,Missoula,ocd-division/country:us/state:mt/county:missoula,4361,,,,,2000
2016-01-30 15:57:28.232000,mt-2000-06-06-primary,2000-06-06 00:00:00,2000-06-06 00:00:00,primary,certified,False,Governor,,Rob Natelson,,,,,Republican,,Mineral,ocd-division/country:us/state:mt/county:mineral,212,,,,,2000
2016-01-30 15:57:28.232000,mt-2000-06-06-primary,2000-06-06 00:00:00,2000-06-06 00:00:00,primary,certified,False,Governor,,Rob Natelson,,,,,Republican,,Meagher,ocd-division/country:us/state:mt/county:meagher,103,,,,,2000
2016-01-30 15:57:28.232000,mt-2000-06-06-primary,2000-06-06 00:00:00,2000-06-06 00:00:00,primary,certified,False,Governor,,Rob Natelson,,,,,Republican,,McCone,ocd-division/country:us/state:mt/county:mccone,165,,,,,2000
2016-01-30 15:57:28.232000,mt-2000-06-06-primary,2000-06-06 00:00:00,2000-06-06 00:00:00,primary,certified,False,Governor,,Rob Natelson,,,,,Republican,,Madison,ocd-division/country:us/state:mt/county:madison,402,,,,,2000
2016-01-30 15:57:28.232000,mt-2000-06-06-primary,2000-06-06 00:00:00,2000-06-06 00:00:00,primary,certified,False,Governor,,Rob Natelson,,,,,Republican,,Lincoln,ocd-division/country:us/state:mt/county:lincoln,1219,,,,,2000
2016-01-30 15:57:28.232000,mt-2000-06-06-primary,2000-06-06 00:00:00,2000-06-06 00:00:00,primary,certified,False,Governor,,Rob Natelson,,,,,Republican,,Liberty,ocd-division/country:us/state:mt/county:liberty,220,,,,,2000
2016-01-30 15:57:28.232000,mt-2000-06-06-primary,2000-06-06 00:00:00,2000-06-06 00:00:00,primary,certified,False,Governor,,Rob Natelson,,,,,Republican,,Lewis & Clark,ocd-division/country:us/state:mt/county:lewis_and_clark,2204,,,,,2000
2016-01-30 15:57:28.232000,mt-2000-06-06-primary,2000-06-06 00:00:00,2000-06-06 00:00:00,primary,certified,False,Governor,,Rob Natelson,,,,,Republican,,Lake,ocd-division/country:us/state:mt/county:lake,1742,,,,,2000
2016-01-30 15:57:28.232000,mt-2000-06-06-primary,2000-06-06 00:00:00,2000-06-06 00:00:00,primary,certified,False,Governor,,Rob Natelson,,,,,Republican,,Judith Basin,ocd-division/country:us/state:mt/county:judith_basin,210,,,,,2000
2016-01-30 15:57:28.232000,mt-2000-06-06-primary,2000-06-06 00:00:00,2000-06-06 00:00:00,primary,certified,False,Governor,,Rob Natelson,,,,,Republican,,Jefferson,ocd-division/country:us/state:mt/county:jefferson,526,,,,,2000
2016-01-30 15:57:28.232000,mt-2000-06-06-primary,2000-06-06 00:00:00,2000-06-06 00:00:00,primary,certified,False,Governor,,Rob Natelson,,,,,Republican,,Hill,ocd-division/country:us/state:mt/county:hill,521,,,,,2000
2016-01-30 15:57:28.232000,mt-2000-06-06-primary,2000-06-06 00:00:00,2000-06-06 00:00:00,primary,certified,False,Governor,,Rob Natelson,,,,,Republican,,Granite,ocd-division/country:us/state:mt/county:granite,302,,,,,2000
2016-01-30 15:57:28.232000,mt-2000-06-06-primary,2000-06-06 00:00:00,2000-06-06 00:00:00,primary,certified,False,Governor,,Rob Natelson,,,,,Republican,,Golden Valley,ocd-division/country:us/state:mt/county:golden_valley,92,,,,,2000
2016-01-30 15:57:28.232000,mt-2000-06-06-primary,2000-06-06 00:00:00,2000-06-06 00:00:00,primary,certified,False,Governor,,Rob Natelson,,,,,Republican,,Glacier,ocd-division/country:us/state:mt/county:glacier,248,,,,,2000
2016-01-30 15:57:28.232000,mt-2000-06-06-primary,2000-06-06 00:00:00,2000-06-06 00:00:00,primary,certified,False,Governor,,Rob Natelson,,,,,Republican,,Garfield,ocd-division/country:us/state:mt/county:garfield,126,,,,,2000
2016-01-30 15:57:28.232000,mt-2000-06-06-primary,2000-06-06 00:00:00,2000-06-06 00:00:00,primary,certified,False,Governor,,Rob Natelson,,,,,Republican,,Gallatin,ocd-division/country:us/state:mt/county:gallatin,3469,,,,,2000
2016-01-30 15:57:28.232000,mt-2000-06-06-primary,2000-06-06 00:00:00,2000-06-06 00:00:00,primary,certified,False,Governor,,Rob Natelson,,,,,Republican,,Flathead,ocd-division/country:us/state:mt/county:flathead,5869,,,,,2000
2016-01-30 15:57:28.232000,mt-2000-06-06-primary,2000-06-06 00:00:00,2000-06-06 00:00:00,primary,certified,False,Governor,,Rob Natelson,,,,,Republican,,Fergus,ocd-division/country:us/state:mt/county:fergus,1121,,,,,2000
2016-01-30 15:57:28.232000,mt-2000-06-06-primary,2000-06-06 00:00:00,2000-06-06 00:00:00,primary,certified,False,Governor,,Rob Natelson,,,,,Republican,,Fallon,ocd-division/country:us/state:mt/county:fallon,277,,,,,2000
2016-01-30 15:57:28.232000,mt-2000-06-06-primary,2000-06-06 00:00:00,2000-06-06 00:00:00,primary,certified,False,Governor,,Rob Natelson,,,,,Republican,,Deer Lodge,ocd-division/country:us/state:mt/county:deer_lodge,196,,,,,2000
2016-01-30 15:57:28.232000,mt-2000-06-06-primary,2000-06-06 00:00:00,2000-06-06 00:00:00,primary,certified,False,Governor,,Rob Natelson,,,,,Republican,,Dawson,ocd-division/country:us/state:mt/county:dawson,559,,,,,2000
2016-01-30 15:57:28.232000,mt-2000-06-06-primary,2000-06-06 00:00:00,2000-06-06 00:00:00,primary,certified,False,Governor,,Rob Natelson,,,,,Republican,,Daniels,ocd-division/country:us/state:mt/county:daniels,250,,,,,2000
2016-01-30 15:57:28.232000,mt-2000-06-06-primary,2000-06-06 00:00:00,2000-06-06 00:00:00,primary,certified,False,Governor,,Rob Natelson,,,,,Republican,,Custer,ocd-division/country:us/state:mt/county:custer,544,,,,,2000
2016-01-30 15:57:28.232000,mt-2000-06-06-primary,2000-06-06 00:00:00,2000-06-06 00:00:00,primary,certified,False,Governor,,Rob Natelson,,,,,Republican,,Chouteau,ocd-division/country:us/state:mt/county:chouteau,570,,,,,2000
2016-01-30 15:57:28.232000,mt-2000-06-06-primary,2000-06-06 00:00:00,2000-06-06 00:00:00,primary,certified,False,Governor,,Rob Natelson,,,,,Republican,,Cascade,ocd-division/country:us/state:mt/county:cascade,3983,,,,,2000
2016-01-30 15:57:28.232000,mt-2000-06-06-primary,2000-06-06 00:00:00,2000-06-06 00:00:00,primary,certified,False,Governor,,Rob Natelson,,,,,Republican,,Carter,ocd-division/country:us/state:mt/county:carter,196,,,,,2000
2016-01-30 15:57:28.232000,mt-2000-06-06-primary,2000-06-06 00:00:00,2000-06-06 00:00:00,primary,certified,False,Governor,,Rob Natelson,,,,,Republican,,Carbon,ocd-division/country:us/state:mt/county:carbon,508,,,,,2000
2016-01-30 15:57:28.232000,mt-2000-06-06-primary,2000-06-06 00:00:00,2000-06-06 00:00:00,primary,certified,False,Governor,,Rob Natelson,,,,,Republican,,Broadwater,ocd-division/country:us/state:mt/county:broadwater,265,,,,,2000
2016-01-30 15:57:28.232000,mt-2000-06-06-primary,2000-06-06 00:00:00,2000-06-06 00:00:00,primary,certified,False,Governor,,Rob Natelson,,,,,Republican,,Blaine,ocd-division/country:us/state:mt/county:blaine,213,,,,,2000
2016-01-30 15:57:28.232000,mt-2000-06-06-primary,2000-06-06 00:00:00,2000-06-06 00:00:00,primary,certified,False,Governor,,Rob Natelson,,,,,Republican,,Big Horn,ocd-division/country:us/state:mt/county:big_horn,334,,,,,2000
2016-01-30 15:57:28.232000,mt-2000-06-06-primary,2000-06-06 00:00:00,2000-06-06 00:00:00,primary,certified,False,Governor,,Rob Natelson,,,,,Republican,,Beaverhead,ocd-division/country:us/state:mt/county:beaverhead,409,,,,,2000
2016-01-30 15:57:28.232000,mt-2000-06-06-primary,2000-06-06 00:00:00,2000-06-06 00:00:00,primary,certified,False,Governor,,Judy Martz,,,,,Republican,,Yellowstone,ocd-division/country:us/state:mt/county:yellowstone,8131,,,,,2000
2016-01-30 15:57:28.232000,mt-2000-06-06-primary,2000-06-06 00:00:00,2000-06-06 00:00:00,primary,certified,False,Governor,,Judy Martz,,,,,Republican,,Wibaux,ocd-division/country:us/state:mt/county:wibaux,83,,,,,2000
2016-01-30 15:57:28.232000,mt-2000-06-06-primary,2000-06-06 00:00:00,2000-06-06 00:00:00,primary,certified,False,Governor,,Judy Martz,,,,,Republican,,Wheatland,ocd-division/country:us/state:mt/county:wheatland,306,,,,,2000
2016-01-30 15:57:28.232000,mt-2000-06-06-primary,2000-06-06 00:00:00,2000-06-06 00:00:00,primary,certified,False,Governor,,Judy Martz,,,,,Republican,,Valley,ocd-division/country:us/state:mt/county:valley,1008,,,,,2000
2016-01-30 15:57:28.232000,mt-2000-06-06-primary,2000-06-06 00:00:00,2000-06-06 00:00:00,primary,certified,False,Governor,,Judy Martz,,,,,Republican,,Treasure,ocd-division/country:us/state:mt/county:treasure,121,,,,,2000
2016-01-30 15:57:28.232000,mt-2000-06-06-primary,2000-06-06 00:00:00,2000-06-06 00:00:00,primary,certified,False,Governor,,Judy Martz,,,,,Republican,,Toole,ocd-division/country:us/state:mt/county:toole,558,,,,,2000
2016-01-30 15:57:28.232000,mt-2000-06-06-primary,2000-06-06 00:00:00,2000-06-06 00:00:00,primary,certified,False,Governor,,Judy Martz,,,,,Republican,,Teton,ocd-division/country:us/state:mt/county:teton,833,,,,,2000
2016-01-30 15:57:28.232000,mt-2000-06-06-primary,2000-06-06 00:00:00,2000-06-06 00:00:00,primary,certified,False,Governor,,Judy Martz,,,,,Republican,,Sweet Grass,ocd-division/country:us/state:mt/county:sweet_grass,660,,,,,2000
2016-01-30 15:57:28.232000,mt-2000-06-06-primary,2000-06-06 00:00:00,2000-06-06 00:00:00,primary,certified,False,Governor,,Judy Martz,,,,,Republican,,Stillwater,ocd-division/country:us/state:mt/county:stillwater,871,,,,,2000
2016-01-30 15:57:28.232000,mt-2000-06-06-primary,2000-06-06 00:00:00,2000-06-06 00:00:00,primary,certified,False,Governor,,Judy Martz,,,,,Republican,,Silver Bow,ocd-division/country:us/state:mt/county:silver_bow,2432,,,,,2000
2016-01-30 15:57:28.232000,mt-2000-06-06-primary,2000-06-06 00:00:00,2000-06-06 00:00:00,primary,certified,False,Governor,,Judy Martz,,,,,Republican,,Sheridan,ocd-division/country:us/state:mt/county:sheridan,387,,,,,2000
2016-01-30 15:57:28.232000,mt-2000-06-06-primary,2000-06-06 00:00:00,2000-06-06 00:00:00,primary,certified,False,Governor,,Judy Martz,,,,,Republican,,Sanders,ocd-division/country:us/state:mt/county:sanders,699,,,,,2000
2016-01-30 15:57:28.232000,mt-2000-06-06-primary,2000-06-06 00:00:00,2000-06-06 00:00:00,primary,certified,False,Governor,,Judy Martz,,,,,Republican,,Rosebud,ocd-division/country:us/state:mt/county:rosebud,456,,,,,2000
2016-01-30 15:57:28.232000,mt-2000-06-06-primary,2000-06-06 00:00:00,2000-06-06 00:00:00,primary,certified,False,Governor,,Judy Martz,,,,,Republican,,Roosevelt,ocd-division/country:us/state:mt/county:roosevelt,366,,,,,2000
2016-01-30 15:57:28.232000,mt-2000-06-06-primary,2000-06-06 00:00:00,2000-06-06 00:00:00,primary,certified,False,Governor,,Judy Martz,,,,,Republican,,Richland,ocd-division/country:us/state:mt/county:richland,712,,,,,2000
2016-01-30 15:57:28.232000,mt-2000-06-06-primary,2000-06-06 00:00:00,2000-06-06 00:00:00,primary,certified,False,Governor,,Judy Martz,,,,,Republican,,Ravalli,ocd-division/country:us/state:mt/county:ravalli,3176,,,,,2000
2016-01-30 15:57:28.232000,mt-2000-06-06-primary,2000-06-06 00:00:00,2000-06-06 00:00:00,primary,certified,False,Governor,,Judy Martz,,,,,Republican,,Prairie,ocd-division/country:us/state:mt/county:prairie,284,,,,,2000
2016-01-30 15:57:28.232000,mt-2000-06-06-primary,2000-06-06 00:00:00,2000-06-06 00:00:00,primary,certified,False,Governor,,Judy Martz,,,,,Republican,,Powell,ocd-division/country:us/state:mt/county:powell,674,,,,,2000
2016-01-30 15:57:28.232000,mt-2000-06-06-primary,2000-06-06 00:00:00,2000-06-06 00:00:00,primary,certified,False,Governor,,Judy Martz,,,,,Republican,,Powder River,ocd-division/country:us/state:mt/county:powder_river,295,,,,,2000
2016-01-30 15:57:28.232000,mt-2000-06-06-primary,2000-06-06 00:00:00,2000-06-06 00:00:00,primary,certified,False,Governor,,Judy Martz,,,,,Republican,,Pondera,ocd-division/country:us/state:mt/county:pondera,600,,,,,2000
2016-01-30 15:57:28.232000,mt-2000-06-06-primary,2000-06-06 00:00:00,2000-06-06 00:00:00,primary,certified,False,Governor,,Judy Martz,,,,,Republican,,Phillips,ocd-division/country:us/state:mt/county:phillips,972,,,,,2000
2016-01-30 15:57:28.232000,mt-2000-06-06-primary,2000-06-06 00:00:00,2000-06-06 00:00:00,primary,certified,False,Governor,,Judy Martz,,,,,Republican,,Petroleum,ocd-division/country:us/state:mt/county:petroleum,77,,,,,2000
2016-01-30 15:57:28.232000,mt-2000-06-06-primary,2000-06-06 00:00:00,2000-06-06 00:00:00,primary,certified,False,Governor,,Judy Martz,,,,,Republican,,Park,ocd-division/country:us/state:mt/county:park,1357,,,,,2000
2016-01-30 15:57:28.232000,mt-2000-06-06-primary,2000-06-06 00:00:00,2000-06-06 00:00:00,primary,certified,False,Governor,,Judy Martz,,,,,Republican,,Musselshell,ocd-division/country:us/state:mt/county:musselshell,605,,,,,2000
2016-01-30 15:57:28.232000,mt-2000-06-06-primary,2000-06-06 00:00:00,2000-06-06 00:00:00,primary,certified,False,Governor,,Judy Martz,,,,,Republican,,Missoula,ocd-division/country:us/state:mt/county:missoula,4175,,,,,2000
2016-01-30 15:57:28.232000,mt-2000-06-06-primary,2000-06-06 00:00:00,2000-06-06 00:00:00,primary,certified,False,Governor,,Judy Martz,,,,,Republican,,Mineral,ocd-division/country:us/state:mt/county:mineral,158,,,,,2000
2016-01-30 15:57:28.232000,mt-2000-06-06-primary,2000-06-06 00:00:00,2000-06-06 00:00:00,primary,certified,False,Governor,,Judy Martz,,,,,Republican,,Meagher,ocd-division/country:us/state:mt/county:meagher,284,,,,,2000
2016-01-30 15:57:28.232000,mt-2000-06-06-primary,2000-06-06 00:00:00,2000-06-06 00:00:00,primary,certified,False,Governor,,Judy Martz,,,,,Republican,,McCone,ocd-division/country:us/state:mt/county:mccone,262,,,,,2000
2016-01-30 15:57:28.232000,mt-2000-06-06-primary,2000-06-06 00:00:00,2000-06-06 00:00:00,primary,certified,False,Governor,,Judy Martz,,,,,Republican,,Madison,ocd-division/country:us/state:mt/county:madison,1136,,,,,2000
2016-01-30 15:57:28.232000,mt-2000-06-06-primary,2000-06-06 00:00:00,2000-06-06 00:00:00,primary,certified,False,Governor,,Judy Martz,,,,,Republican,,Lincoln,ocd-division/country:us/state:mt/county:lincoln,1146,,,,,2000
2016-01-30 15:57:28.232000,mt-2000-06-06-primary,2000-06-06 00:00:00,2000-06-06 00:00:00,primary,certified,False,Governor,,Judy Martz,,,,,Republican,,Liberty,ocd-division/country:us/state:mt/county:liberty,295,,,,,2000
2016-01-30 15:57:28.232000,mt-2000-06-06-primary,2000-06-06 00:00:00,2000-06-06 00:00:00,primary,certified,False,Governor,,Judy Martz,,,,,Republican,,Lewis & Clark,ocd-division/country:us/state:mt/county:lewis_and_clark,3698,,,,,2000
2016-01-30 15:57:28.232000,mt-2000-06-06-primary,2000-06-06 00:00:00,2000-06-06 00:00:00,primary,certified,False,Governor,,Judy Martz,,,,,Republican,,Lake,ocd-division/country:us/state:mt/county:lake,2063,,,,,2000
2016-01-30 15:57:28.232000,mt-2000-06-06-primary,2000-06-06 00:00:00,2000-06-06 00:00:00,primary,certified,False,Governor,,Judy Martz,,,,,Republican,,Judith Basin,ocd-division/country:us/state:mt/county:judith_basin,408,,,,,2000
2016-01-30 15:57:28.232000,mt-2000-06-06-primary,2000-06-06 00:00:00,2000-06-06 00:00:00,primary,certified,False,Governor,,Judy Martz,,,,,Republican,,Jefferson,ocd-division/country:us/state:mt/county:jefferson,1126,,,,,2000
2016-01-30 15:57:28.232000,mt-2000-06-06-primary,2000-06-06 00:00:00,2000-06-06 00:00:00,primary,certified,False,Governor,,Judy Martz,,,,,Republican,,Hill,ocd-division/country:us/state:mt/county:hill,820,,,,,2000
2016-01-30 15:57:28.232000,mt-2000-06-06-primary,2000-06-06 00:00:00,2000-06-06 00:00:00,primary,certified,False,Governor,,Judy Martz,,,,,Republican,,Granite,ocd-division/country:us/state:mt/county:granite,425,,,,,2000
2016-01-30 15:57:28.232000,mt-2000-06-06-primary,2000-06-06 00:00:00,2000-06-06 00:00:00,primary,certified,False,Governor,,Judy Martz,,,,,Republican,,Golden Valley,ocd-division/country:us/state:mt/county:golden_valley,153,,,,,2000
2016-01-30 15:57:28.232000,mt-2000-06-06-primary,2000-06-06 00:00:00,2000-06-06 00:00:00,primary,certified,False,Governor,,Judy Martz,,,,,Republican,,Glacier,ocd-division/country:us/state:mt/county:glacier,326,,,,,2000
2016-01-30 15:57:28.232000,mt-2000-06-06-primary,2000-06-06 00:00:00,2000-06-06 00:00:00,primary,certified,False,Governor,,Judy Martz,,,,,Republican,,Garfield,ocd-division/country:us/state:mt/county:garfield,265,,,,,2000
2016-01-30 15:57:28.232000,mt-2000-06-06-primary,2000-06-06 00:00:00,2000-06-06 00:00:00,primary,certified,False,Governor,,Judy Martz,,,,,Republican,,Gallatin,ocd-division/country:us/state:mt/county:gallatin,3877,,,,,2000
2016-01-30 15:57:28.232000,mt-2000-06-06-primary,2000-06-06 00:00:00,2000-06-06 00:00:00,primary,certified,False,Governor,,Judy Martz,,,,,Republican,,Flathead,ocd-division/country:us/state:mt/county:flathead,4689,,,,,2000
2016-01-30 15:57:28.232000,mt-2000-06-06-primary,2000-06-06 00:00:00,2000-06-06 00:00:00,primary,certified,False,Governor,,Judy Martz,,,,,Republican,,Fergus,ocd-division/country:us/state:mt/county:fergus,1602,,,,,2000
2016-01-30 15:57:28.232000,mt-2000-06-06-primary,2000-06-06 00:00:00,2000-06-06 00:00:00,primary,certified,False,Governor,,Judy Martz,,,,,Republican,,Fallon,ocd-division/country:us/state:mt/county:fallon,333,,,,,2000
2016-01-30 15:57:28.232000,mt-2000-06-06-primary,2000-06-06 00:00:00,2000-06-06 00:00:00,primary,certified,False,Governor,,Judy Martz,,,,,Republican,,Deer Lodge,ocd-division/country:us/state:mt/county:deer_lodge,473,,,,,2000
2016-01-30 15:57:28.232000,mt-2000-06-06-primary,2000-06-06 00:00:00,2000-06-06 00:00:00,primary,certified,False,Governor,,Judy Martz,,,,,Republican,,Dawson,ocd-division/country:us/state:mt/county:dawson,921,,,,,2000
2016-01-30 15:57:28.232000,mt-2000-06-06-primary,2000-06-06 00:00:00,2000-06-06 00:00:00,primary,certified,False,Governor,,Judy Martz,,,,,Republican,,Daniels,ocd-division/country:us/state:mt/county:daniels,293,,,,,2000
2016-01-30 15:57:28.232000,mt-2000-06-06-primary,2000-06-06 00:00:00,2000-06-06 00:00:00,primary,certified,False,Governor,,Judy Martz,,,,,Republican,,Custer,ocd-division/country:us/state:mt/county:custer,942,,,,,2000
2016-01-30 15:57:28.232000,mt-2000-06-06-primary,2000-06-06 00:00:00,2000-06-06 00:00:00,primary,certified,False,Governor,,Judy Martz,,,,,Republican,,Chouteau,ocd-division/country:us/state:mt/county:chouteau,829,,,,,2000
2016-01-30 15:57:28.232000,mt-2000-06-06-primary,2000-06-06 00:00:00,2000-06-06 00:00:00,primary,certified,False,Governor,,Judy Martz,,,,,Republican,,Cascade,ocd-division/country:us/state:mt/county:cascade,3726,,,,,2000
2016-01-30 15:57:28.232000,mt-2000-06-06-primary,2000-06-06 00:00:00,2000-06-06 00:00:00,primary,certified,False,Governor,,Judy Martz,,,,,Republican,,Carter,ocd-division/country:us/state:mt/county:carter,211,,,,,2000
2016-01-30 15:57:28.232000,mt-2000-06-06-primary,2000-06-06 00:00:00,2000-06-06 00:00:00,primary,certified,False,Governor,,Judy Martz,,,,,Republican,,Carbon,ocd-division/country:us/state:mt/county:carbon,946,,,,,2000
2016-01-30 15:57:28.232000,mt-2000-06-06-primary,2000-06-06 00:00:00,2000-06-06 00:00:00,primary,certified,False,Governor,,Judy Martz,,,,,Republican,,Broadwater,ocd-division/country:us/state:mt/county:broadwater,471,,,,,2000
2016-01-30 15:57:28.232000,mt-2000-06-06-primary,2000-06-06 00:00:00,2000-06-06 00:00:00,primary,certified,False,Governor,,Judy Martz,,,,,Republican,,Blaine,ocd-division/country:us/state:mt/county:blaine,420,,,,,2000
2016-01-30 15:57:28.232000,mt-2000-06-06-primary,2000-06-06 00:00:00,2000-06-06 00:00:00,primary,certified,False,Governor,,Judy Martz,,,,,Republican,,Big Horn,ocd-division/country:us/state:mt/county:big_horn,469,,,,,2000
2016-01-30 15:57:28.232000,mt-2000-06-06-primary,2000-06-06 00:00:00,2000-06-06 00:00:00,primary,certified,False,Governor,,Judy Martz,,,,,Republican,,Beaverhead,ocd-division/country:us/state:mt/county:beaverhead,1673,,,,,2000
2016-01-30 15:57:28.232000,mt-2000-06-06-primary,2000-06-06 00:00:00,2000-06-06 00:00:00,primary,certified,False,Governor,,Mark O'Keefe,,,,,Democrat,,Yellowstone,ocd-division/country:us/state:mt/county:yellowstone,5223,,,,,2000
2016-01-30 15:57:28.232000,mt-2000-06-06-primary,2000-06-06 00:00:00,2000-06-06 00:00:00,primary,certified,False,Governor,,Mark O'Keefe,,,,,Democrat,,Wibaux,ocd-division/country:us/state:mt/county:wibaux,76,,,,,2000
2016-01-30 15:57:28.232000,mt-2000-06-06-primary,2000-06-06 00:00:00,2000-06-06 00:00:00,primary,certified,False,Governor,,Mark O'Keefe,,,,,Democrat,,Wheatland,ocd-division/country:us/state:mt/county:wheatland,89,,,,,2000
2016-01-30 15:57:28.232000,mt-2000-06-06-primary,2000-06-06 00:00:00,2000-06-06 00:00:00,primary,certified,False,Governor,,Mark O'Keefe,,,,,Democrat,,Valley,ocd-division/country:us/state:mt/county:valley,477,,,,,2000
2016-01-30 15:57:28.232000,mt-2000-06-06-primary,2000-06-06 00:00:00,2000-06-06 00:00:00,primary,certified,False,Governor,,Mark O'Keefe,,,,,Democrat,,Treasure,ocd-division/country:us/state:mt/county:treasure,48,,,,,2000
2016-01-30 15:57:28.232000,mt-2000-06-06-primary,2000-06-06 00:00:00,2000-06-06 00:00:00,primary,certified,False,Governor,,Mark O'Keefe,,,,,Democrat,,Toole,ocd-division/country:us/state:mt/county:toole,222,,,,,2000
2016-01-30 15:57:28.232000,mt-2000-06-06-primary,2000-06-06 00:00:00,2000-06-06 00:00:00,primary,certified,False,Governor,,Mark O'Keefe,,,,,Democrat,,Teton,ocd-division/country:us/state:mt/county:teton,299,,,,,2000
2016-01-30 15:57:28.232000,mt-2000-06-06-primary,2000-06-06 00:00:00,2000-06-06 00:00:00,primary,certified,False,Governor,,Mark O'Keefe,,,,,Democrat,,Sweet Grass,ocd-division/country:us/state:mt/county:sweet_grass,80,,,,,2000
2016-01-30 15:57:28.232000,mt-2000-06-06-primary,2000-06-06 00:00:00,2000-06-06 00:00:00,primary,certified,False,Governor,,Mark O'Keefe,,,,,Democrat,,Stillwater,ocd-division/country:us/state:mt/county:stillwater,322,,,,,2000
2016-01-30 15:57:28.232000,mt-2000-06-06-primary,2000-06-06 00:00:00,2000-06-06 00:00:00,primary,certified,False,Governor,,Mark O'Keefe,,,,,Democrat,,Silver Bow,ocd-division/country:us/state:mt/county:silver_bow,4773,,,,,2000
2016-01-30 15:57:28.232000,mt-2000-06-06-primary,2000-06-06 00:00:00,2000-06-06 00:00:00,primary,certified,False,Governor,,Mark O'Keefe,,,,,Democrat,,Sheridan,ocd-division/country:us/state:mt/county:sheridan,228,,,,,2000
2016-01-30 15:57:28.232000,mt-2000-06-06-primary,2000-06-06 00:00:00,2000-06-06 00:00:00,primary,certified,False,Governor,,Mark O'Keefe,,,,,Democrat,,Sanders,ocd-division/country:us/state:mt/county:sanders,451,,,,,2000
2016-01-30 15:57:28.232000,mt-2000-06-06-primary,2000-06-06 00:00:00,2000-06-06 00:00:00,primary,certified,False,Governor,,Mark O'Keefe,,,,,Democrat,,Rosebud,ocd-division/country:us/state:mt/county:rosebud,371,,,,,2000
2016-01-30 15:57:28.232000,mt-2000-06-06-primary,2000-06-06 00:00:00,2000-06-06 00:00:00,primary,certified,False,Governor,,Mark O'Keefe,,,,,Democrat,,Roosevelt,ocd-division/country:us/state:mt/county:roosevelt,418,,,,,2000
2016-01-30 15:57:28.232000,mt-2000-06-06-primary,2000-06-06 00:00:00,2000-06-06 00:00:00,primary,certified,False,Governor,,Mark O'Keefe,,,,,Democrat,,Richland,ocd-division/country:us/state:mt/county:richland,333,,,,,2000
2016-01-30 15:57:28.232000,mt-2000-06-06-primary,2000-06-06 00:00:00,2000-06-06 00:00:00,primary,certified,False,Governor,,Mark O'Keefe,,,,,Democrat,,Ravalli,ocd-division/country:us/state:mt/county:ravalli,1619,,,,,2000
2016-01-30 15:57:28.232000,mt-2000-06-06-primary,2000-06-06 00:00:00,2000-06-06 00:00:00,primary,certified,False,Governor,,Mark O'Keefe,,,,,Democrat,,Prairie,ocd-division/country:us/state:mt/county:prairie,53,,,,,2000
2016-01-30 15:57:28.232000,mt-2000-06-06-primary,2000-06-06 00:00:00,2000-06-06 00:00:00,primary,certified,False,Governor,,Mark O'Keefe,,,,,Democrat,,Powell,ocd-division/country:us/state:mt/county:powell,246,,,,,2000
2016-01-30 15:57:28.232000,mt-2000-06-06-primary,2000-06-06 00:00:00,2000-06-06 00:00:00,primary,certified,False,Governor,,Mark O'Keefe,,,,,Democrat,,Powder River,ocd-division/country:us/state:mt/county:powder_river,22,,,,,2000
2016-01-30 15:57:28.232000,mt-2000-06-06-primary,2000-06-06 00:00:00,2000-06-06 00:00:00,primary,certified,False,Governor,,Mark O'Keefe,,,,,Democrat,,Pondera,ocd-division/country:us/state:mt/county:pondera,353,,,,,2000
2016-01-30 15:57:28.232000,mt-2000-06-06-primary,2000-06-06 00:00:00,2000-06-06 00:00:00,primary,certified,False,Governor,,Mark O'Keefe,,,,,Democrat,,Phillips,ocd-division/country:us/state:mt/county:phillips,133,,,,,2000
2016-01-30 15:57:28.232000,mt-2000-06-06-primary,2000-06-06 00:00:00,2000-06-06 00:00:00,primary,certified,False,Governor,,Mark O'Keefe,,,,,Democrat,,Petroleum,ocd-division/country:us/state:mt/county:petroleum,10,,,,,2000
2016-01-30 15:57:28.232000,mt-2000-06-06-primary,2000-06-06 00:00:00,2000-06-06 00:00:00,primary,certified,False,Governor,,Mark O'Keefe,,,,,Democrat,,Park,ocd-division/country:us/state:mt/county:park,668,,,,,2000
2016-01-30 15:57:28.232000,mt-2000-06-06-primary,2000-06-06 00:00:00,2000-06-06 00:00:00,primary,certified,False,Governor,,Mark O'Keefe,,,,,Democrat,,Musselshell,ocd-division/country:us/state:mt/county:musselshell,173,,,,,2000
2016-01-30 15:57:28.232000,mt-2000-06-06-primary,2000-06-06 00:00:00,2000-06-06 00:00:00,primary,certified,False,Governor,,Mark O'Keefe,,,,,Democrat,,Missoula,ocd-division/country:us/state:mt/county:missoula,6872,,,,,2000
2016-01-30 15:57:28.232000,mt-2000-06-06-primary,2000-06-06 00:00:00,2000-06-06 00:00:00,primary,certified,False,Governor,,Mark O'Keefe,,,,,Democrat,,Mineral,ocd-division/country:us/state:mt/county:mineral,195,,,,,2000
2016-01-30 15:57:28.232000,mt-2000-06-06-primary,2000-06-06 00:00:00,2000-06-06 00:00:00,primary,certified,False,Governor,,Mark O'Keefe,,,,,Democrat,,Meagher,ocd-division/country:us/state:mt/county:meagher,56,,,,,2000
2016-01-30 15:57:28.232000,mt-2000-06-06-primary,2000-06-06 00:00:00,2000-06-06 00:00:00,primary,certified,False,Governor,,Mark O'Keefe,,,,,Democrat,,McCone,ocd-division/country:us/state:mt/county:mccone,109,,,,,2000
2016-01-30 15:57:28.232000,mt-2000-06-06-primary,2000-06-06 00:00:00,2000-06-06 00:00:00,primary,certified,False,Governor,,Mark O'Keefe,,,,,Democrat,,Madison,ocd-division/country:us/state:mt/county:madison,229,,,,,2000
2016-01-30 15:57:28.232000,mt-2000-06-06-primary,2000-06-06 00:00:00,2000-06-06 00:00:00,primary,certified,False,Governor,,Mark O'Keefe,,,,,Democrat,,Lincoln,ocd-division/country:us/state:mt/county:lincoln,660,,,,,2000
2016-01-30 15:57:28.232000,mt-2000-06-06-primary,2000-06-06 00:00:00,2000-06-06 00:00:00,primary,certified,False,Governor,,Mark O'Keefe,,,,,Democrat,,Liberty,ocd-division/country:us/state:mt/county:liberty,115,,,,,2000
2016-01-30 15:57:28.232000,mt-2000-06-06-primary,2000-06-06 00:00:00,2000-06-06 00:00:00,primary,certified,False,Governor,,Mark O'Keefe,,,,,Democrat,,Lewis & Clark,ocd-division/country:us/state:mt/county:lewis_and_clark,3731,,,,,2000
2016-01-30 15:57:28.232000,mt-2000-06-06-primary,2000-06-06 00:00:00,2000-06-06 00:00:00,primary,certified,False,Governor,,Mark O'Keefe,,,,,Democrat,,Lake,ocd-division/country:us/state:mt/county:lake,992,,,,,2000
2016-01-30 15:57:28.232000,mt-2000-06-06-primary,2000-06-06 00:00:00,2000-06-06 00:00:00,primary,certified,False,Governor,,Mark O'Keefe,,,,,Democrat,,Judith Basin,ocd-division/country:us/state:mt/county:judith_basin,142,,,,,2000
2016-01-30 15:57:28.232000,mt-2000-06-06-primary,2000-06-06 00:00:00,2000-06-06 00:00:00,primary,certified,False,Governor,,Mark O'Keefe,,,,,Democrat,,Jefferson,ocd-division/country:us/state:mt/county:jefferson,507,,,,,2000
2016-01-30 15:57:28.232000,mt-2000-06-06-primary,2000-06-06 00:00:00,2000-06-06 00:00:00,primary,certified,False,Governor,,Mark O'Keefe,,,,,Democrat,,Hill,ocd-division/country:us/state:mt/county:hill,1078,,,,,2000
2016-01-30 15:57:28.232000,mt-2000-06-06-primary,2000-06-06 00:00:00,2000-06-06 00:00:00,primary,certified,False,Governor,,Mark O'Keefe,,,,,Democrat,,Granite,ocd-division/country:us/state:mt/county:granite,124,,,,,2000
2016-01-30 15:57:28.232000,mt-2000-06-06-primary,2000-06-06 00:00:00,2000-06-06 00:00:00,primary,certified,False,Governor,,Mark O'Keefe,,,,,Democrat,,Golden Valley,ocd-division/country:us/state:mt/county:golden_valley,39,,,,,2000
2016-01-30 15:57:28.232000,mt-2000-06-06-primary,2000-06-06 00:00:00,2000-06-06 00:00:00,primary,certified,False,Governor,,Mark O'Keefe,,,,,Democrat,,Glacier,ocd-division/country:us/state:mt/county:glacier,631,,,,,2000
2016-01-30 15:57:28.232000,mt-2000-06-06-primary,2000-06-06 00:00:00,2000-06-06 00:00:00,primary,certified,False,Governor,,Mark O'Keefe,,,,,Democrat,,Garfield,ocd-division/country:us/state:mt/county:garfield,25,,,,,2000
2016-01-30 15:57:28.232000,mt-2000-06-06-primary,2000-06-06 00:00:00,2000-06-06 00:00:00,primary,certified,False,Governor,,Mark O'Keefe,,,,,Democrat,,Gallatin,ocd-division/country:us/state:mt/county:gallatin,1529,,,,,2000
2016-01-30 15:57:28.232000,mt-2000-06-06-primary,2000-06-06 00:00:00,2000-06-06 00:00:00,primary,certified,False,Governor,,Mark O'Keefe,,,,,Democrat,,Flathead,ocd-division/country:us/state:mt/county:flathead,2728,,,,,2000
2016-01-30 15:57:28.232000,mt-2000-06-06-primary,2000-06-06 00:00:00,2000-06-06 00:00:00,primary,certified,False,Governor,,Mark O'Keefe,,,,,Democrat,,Fergus,ocd-division/country:us/state:mt/county:fergus,480,,,,,2000
2016-01-30 15:57:28.232000,mt-2000-06-06-primary,2000-06-06 00:00:00,2000-06-06 00:00:00,primary,certified,False,Governor,,Mark O'Keefe,,,,,Democrat,,Fallon,ocd-division/country:us/state:mt/county:fallon,127,,,,,2000
2016-01-30 15:57:28.232000,mt-2000-06-06-primary,2000-06-06 00:00:00,2000-06-06 00:00:00,primary,certified,False,Governor,,Mark O'Keefe,,,,,Democrat,,Deer Lodge,ocd-division/country:us/state:mt/county:deer_lodge,1413,,,,,2000
2016-01-30 15:57:28.232000,mt-2000-06-06-primary,2000-06-06 00:00:00,2000-06-06 00:00:00,primary,certified,False,Governor,,Mark O'Keefe,,,,,Democrat,,Dawson,ocd-division/country:us/state:mt/county:dawson,448,,,,,2000
2016-01-30 15:57:28.232000,mt-2000-06-06-primary,2000-06-06 00:00:00,2000-06-06 00:00:00,primary,certified,False,Governor,,Mark O'Keefe,,,,,Democrat,,Daniels,ocd-division/country:us/state:mt/county:daniels,61,,,,,2000
2016-01-30 15:57:28.232000,mt-2000-06-06-primary,2000-06-06 00:00:00,2000-06-06 00:00:00,primary,certified,False,Governor,,Mark O'Keefe,,,,,Democrat,,Custer,ocd-division/country:us/state:mt/county:custer,593,,,,,2000
2016-01-30 15:57:28.232000,mt-2000-06-06-primary,2000-06-06 00:00:00,2000-06-06 00:00:00,primary,certified,False,Governor,,Mark O'Keefe,,,,,Democrat,,Chouteau,ocd-division/country:us/state:mt/county:chouteau,238,,,,,2000
2016-01-30 15:57:28.232000,mt-2000-06-06-primary,2000-06-06 00:00:00,2000-06-06 00:00:00,primary,certified,False,Governor,,Mark O'Keefe,,,,,Democrat,,Cascade,ocd-division/country:us/state:mt/county:cascade,4809,,,,,2000
2016-01-30 15:57:28.232000,mt-2000-06-06-primary,2000-06-06 00:00:00,2000-06-06 00:00:00,primary,certified,False,Governor,,Mark O'Keefe,,,,,Democrat,,Carter,ocd-division/country:us/state:mt/county:carter,18,,,,,2000
2016-01-30 15:57:28.232000,mt-2000-06-06-primary,2000-06-06 00:00:00,2000-06-06 00:00:00,primary,certified,False,Governor,,Mark O'Keefe,,,,,Democrat,,Carbon,ocd-division/country:us/state:mt/county:carbon,478,,,,,2000
2016-01-30 15:57:28.232000,mt-2000-06-06-primary,2000-06-06 00:00:00,2000-06-06 00:00:00,primary,certified,False,Governor,,Mark O'Keefe,,,,,Democrat,,Broadwater,ocd-division/country:us/state:mt/county:broadwater,188,,,,,2000
2016-01-30 15:57:28.232000,mt-2000-06-06-primary,2000-06-06 00:00:00,2000-06-06 00:00:00,primary,certified,False,Governor,,Mark O'Keefe,,,,,Democrat,,Blaine,ocd-division/country:us/state:mt/county:blaine,353,,,,,2000
2016-01-30 15:57:28.232000,mt-2000-06-06-primary,2000-06-06 00:00:00,2000-06-06 00:00:00,primary,certified,False,Governor,,Mark O'Keefe,,,,,Democrat,,Big Horn,ocd-division/country:us/state:mt/county:big_horn,422,,,,,2000
2016-01-30 15:57:28.232000,mt-2000-06-06-primary,2000-06-06 00:00:00,2000-06-06 00:00:00,primary,certified,False,Governor,,Mark O'Keefe,,,,,Democrat,,Beaverhead,ocd-division/country:us/state:mt/county:beaverhead,217,,,,,2000
2016-01-30 15:57:28.232000,mt-2000-06-06-primary,2000-06-06 00:00:00,2000-06-06 00:00:00,primary,certified,False,Governor,,Joseph Mazurek,,,,,Democrat,,Yellowstone,ocd-division/country:us/state:mt/county:yellowstone,4506,,,,,2000
2016-01-30 15:57:28.232000,mt-2000-06-06-primary,2000-06-06 00:00:00,2000-06-06 00:00:00,primary,certified,False,Governor,,Joseph Mazurek,,,,,Democrat,,Wibaux,ocd-division/country:us/state:mt/county:wibaux,69,,,,,2000
2016-01-30 15:57:28.232000,mt-2000-06-06-primary,2000-06-06 00:00:00,2000-06-06 00:00:00,primary,certified,False,Governor,,Joseph Mazurek,,,,,Democrat,,Wheatland,ocd-division/country:us/state:mt/county:wheatland,48,,,,,2000
2016-01-30 15:57:28.232000,mt-2000-06-06-primary,2000-06-06 00:00:00,2000-06-06 00:00:00,primary,certified,False,Governor,,Joseph Mazurek,,,,,Democrat,,Valley,ocd-division/country:us/state:mt/county:valley,329,,,,,2000
2016-01-30 15:57:28.232000,mt-2000-06-06-primary,2000-06-06 00:00:00,2000-06-06 00:00:00,primary,certified,False,Governor,,Joseph Mazurek,,,,,Democrat,,Treasure,ocd-division/country:us/state:mt/county:treasure,50,,,,,2000
2016-01-30 15:57:28.232000,mt-2000-06-06-primary,2000-06-06 00:00:00,2000-06-06 00:00:00,primary,certified,False,Governor,,Joseph Mazurek,,,,,Democrat,,Toole,ocd-division/country:us/state:mt/county:toole,178,,,,,2000
2016-01-30 15:57:28.232000,mt-2000-06-06-primary,2000-06-06 00:00:00,2000-06-06 00:00:00,primary,certified,False,Governor,,Joseph Mazurek,,,,,Democrat,,Teton,ocd-division/country:us/state:mt/county:teton,217,,,,,2000
2016-01-30 15:57:28.232000,mt-2000-06-06-primary,2000-06-06 00:00:00,2000-06-06 00:00:00,primary,certified,False,Governor,,Joseph Mazurek,,,,,Democrat,,Sweet Grass,ocd-division/country:us/state:mt/county:sweet_grass,73,,,,,2000
2016-01-30 15:57:28.232000,mt-2000-06-06-primary,2000-06-06 00:00:00,2000-06-06 00:00:00,primary,certified,False,Governor,,Joseph Mazurek,,,,,Democrat,,Stillwater,ocd-division/country:us/state:mt/county:stillwater,291,,,,,2000
2016-01-30 15:57:28.232000,mt-2000-06-06-primary,2000-06-06 00:00:00,2000-06-06 00:00:00,primary,certified,False,Governor,,Joseph Mazurek,,,,,Democrat,,Silver Bow,ocd-division/country:us/state:mt/county:silver_bow,1497,,,,,2000
2016-01-30 15:57:28.232000,mt-2000-06-06-primary,2000-06-06 00:00:00,2000-06-06 00:00:00,primary,certified,False,Governor,,Joseph Mazurek,,,,,Democrat,,Sheridan,ocd-division/country:us/state:mt/county:sheridan,158,,,,,2000
2016-01-30 15:57:28.232000,mt-2000-06-06-primary,2000-06-06 00:00:00,2000-06-06 00:00:00,primary,certified,False,Governor,,Joseph Mazurek,,,,,Democrat,,Sanders,ocd-division/country:us/state:mt/county:sanders,330,,,,,2000
2016-01-30 15:57:28.232000,mt-2000-06-06-primary,2000-06-06 00:00:00,2000-06-06 00:00:00,primary,certified,False,Governor,,Joseph Mazurek,,,,,Democrat,,Rosebud,ocd-division/country:us/state:mt/county:rosebud,268,,,,,2000
2016-01-30 15:57:28.232000,mt-2000-06-06-primary,2000-06-06 00:00:00,2000-06-06 00:00:00,primary,certified,False,Governor,,Joseph Mazurek,,,,,Democrat,,Roosevelt,ocd-division/country:us/state:mt/county:roosevelt,358,,,,,2000
2016-01-30 15:57:28.232000,mt-2000-06-06-primary,2000-06-06 00:00:00,2000-06-06 00:00:00,primary,certified,False,Governor,,Joseph Mazurek,,,,,Democrat,,Richland,ocd-division/country:us/state:mt/county:richland,277,,,,,2000
2016-01-30 15:57:28.232000,mt-2000-06-06-primary,2000-06-06 00:00:00,2000-06-06 00:00:00,primary,certified,False,Governor,,Joseph Mazurek,,,,,Democrat,,Ravalli,ocd-division/country:us/state:mt/county:ravalli,687,,,,,2000
2016-01-30 15:57:28.232000,mt-2000-06-06-primary,2000-06-06 00:00:00,2000-06-06 00:00:00,primary,certified,False,Governor,,Joseph Mazurek,,,,,Democrat,,Prairie,ocd-division/country:us/state:mt/county:prairie,42,,,,,2000
2016-01-30 15:57:28.232000,mt-2000-06-06-primary,2000-06-06 00:00:00,2000-06-06 00:00:00,primary,certified,False,Governor,,Joseph Mazurek,,,,,Democrat,,Powell,ocd-division/country:us/state:mt/county:powell,189,,,,,2000
2016-01-30 15:57:28.232000,mt-2000-06-06-primary,2000-06-06 00:00:00,2000-06-06 00:00:00,primary,certified,False,Governor,,Joseph Mazurek,,,,,Democrat,,Powder River,ocd-division/country:us/state:mt/county:powder_river,25,,,,,2000
2016-01-30 15:57:28.232000,mt-2000-06-06-primary,2000-06-06 00:00:00,2000-06-06 00:00:00,primary,certified,False,Governor,,Joseph Mazurek,,,,,Democrat,,Pondera,ocd-division/country:us/state:mt/county:pondera,265,,,,,2000
2016-01-30 15:57:28.232000,mt-2000-06-06-primary,2000-06-06 00:00:00,2000-06-06 00:00:00,primary,certified,False,Governor,,Joseph Mazurek,,,,,Democrat,,Phillips,ocd-division/country:us/state:mt/county:phillips,76,,,,,2000
2016-01-30 15:57:28.232000,mt-2000-06-06-primary,2000-06-06 00:00:00,2000-06-06 00:00:00,primary,certified,False,Governor,,Joseph Mazurek,,,,,Democrat,,Petroleum,ocd-division/country:us/state:mt/county:petroleum,10,,,,,2000
2016-01-30 15:57:28.232000,mt-2000-06-06-primary,2000-06-06 00:00:00,2000-06-06 00:00:00,primary,certified,False,Governor,,Joseph Mazurek,,,,,Democrat,,Park,ocd-division/country:us/state:mt/county:park,402,,,,,2000
2016-01-30 15:57:28.232000,mt-2000-06-06-primary,2000-06-06 00:00:00,2000-06-06 00:00:00,primary,certified,False,Governor,,Joseph Mazurek,,,,,Democrat,,Musselshell,ocd-division/country:us/state:mt/county:musselshell,134,,,,,2000
2016-01-30 15:57:28.232000,mt-2000-06-06-primary,2000-06-06 00:00:00,2000-06-06 00:00:00,primary,certified,False,Governor,,Joseph Mazurek,,,,,Democrat,,Missoula,ocd-division/country:us/state:mt/county:missoula,4357,,,,,2000
2016-01-30 15:57:28.232000,mt-2000-06-06-primary,2000-06-06 00:00:00,2000-06-06 00:00:00,primary,certified,False,Governor,,Joseph Mazurek,,,,,Democrat,,Mineral,ocd-division/country:us/state:mt/county:mineral,157,,,,,2000
2016-01-30 15:57:28.232000,mt-2000-06-06-primary,2000-06-06 00:00:00,2000-06-06 00:00:00,primary,certified,False,Governor,,Joseph Mazurek,,,,,Democrat,,Meagher,ocd-division/country:us/state:mt/county:meagher,71,,,,,2000
2016-01-30 15:57:28.232000,mt-2000-06-06-primary,2000-06-06 00:00:00,2000-06-06 00:00:00,primary,certified,False,Governor,,Joseph Mazurek,,,,,Democrat,,McCone,ocd-division/country:us/state:mt/county:mccone,100,,,,,2000
2016-01-30 15:57:28.232000,mt-2000-06-06-primary,2000-06-06 00:00:00,2000-06-06 00:00:00,primary,certified,False,Governor,,Joseph Mazurek,,,,,Democrat,,Madison,ocd-division/country:us/state:mt/county:madison,191,,,,,2000
2016-01-30 15:57:28.232000,mt-2000-06-06-primary,2000-06-06 00:00:00,2000-06-06 00:00:00,primary,certified,False,Governor,,Joseph Mazurek,,,,,Democrat,,Lincoln,ocd-division/country:us/state:mt/county:lincoln,397,,,,,2000
2016-01-30 15:57:28.232000,mt-2000-06-06-primary,2000-06-06 00:00:00,2000-06-06 00:00:00,primary,certified,False,Governor,,Joseph Mazurek,,,,,Democrat,,Liberty,ocd-division/country:us/state:mt/county:liberty,58,,,,,2000
2016-01-30 15:57:28.232000,mt-2000-06-06-primary,2000-06-06 00:00:00,2000-06-06 00:00:00,primary,certified,False,Governor,,Joseph Mazurek,,,,,Democrat,,Lewis & Clark,ocd-division/country:us/state:mt/county:lewis_and_clark,5422,,,,,2000
2016-01-30 15:57:28.232000,mt-2000-06-06-primary,2000-06-06 00:00:00,2000-06-06 00:00:00,primary,certified,False,Governor,,Joseph Mazurek,,,,,Democrat,,Lake,ocd-division/country:us/state:mt/county:lake,694,,,,,2000
2016-01-30 15:57:28.232000,mt-2000-06-06-primary,2000-06-06 00:00:00,2000-06-06 00:00:00,primary,certified,False,Governor,,Joseph Mazurek,,,,,Democrat,,Judith Basin,ocd-division/country:us/state:mt/county:judith_basin,96,,,,,2000
2016-01-30 15:57:28.232000,mt-2000-06-06-primary,2000-06-06 00:00:00,2000-06-06 00:00:00,primary,certified,False,Governor,,Joseph Mazurek,,,,,Democrat,,Jefferson,ocd-division/country:us/state:mt/county:jefferson,684,,,,,2000
2016-01-30 15:57:28.232000,mt-2000-06-06-primary,2000-06-06 00:00:00,2000-06-06 00:00:00,primary,certified,False,Governor,,Joseph Mazurek,,,,,Democrat,,Hill,ocd-division/country:us/state:mt/county:hill,820,,,,,2000
2016-01-30 15:57:28.232000,mt-2000-06-06-primary,2000-06-06 00:00:00,2000-06-06 00:00:00,primary,certified,False,Governor,,Joseph Mazurek,,,,,Democrat,,Granite,ocd-division/country:us/state:mt/county:granite,60,,,,,2000
2016-01-30 15:57:28.232000,mt-2000-06-06-primary,2000-06-06 00:00:00,2000-06-06 00:00:00,primary,certified,False,Governor,,Joseph Mazurek,,,,,Democrat,,Golden Valley,ocd-division/country:us/state:mt/county:golden_valley,30,,,,,2000
2016-01-30 15:57:28.232000,mt-2000-06-06-primary,2000-06-06 00:00:00,2000-06-06 00:00:00,primary,certified,False,Governor,,Joseph Mazurek,,,,,Democrat,,Glacier,ocd-division/country:us/state:mt/county:glacier,538,,,,,2000
2016-01-30 15:57:28.232000,mt-2000-06-06-primary,2000-06-06 00:00:00,2000-06-06 00:00:00,primary,certified,False,Governor,,Joseph Mazurek,,,,,Democrat,,Garfield,ocd-division/country:us/state:mt/county:garfield,19,,,,,2000
2016-01-30 15:57:28.232000,mt-2000-06-06-primary,2000-06-06 00:00:00,2000-06-06 00:00:00,primary,certified,False,Governor,,Joseph Mazurek,,,,,Democrat,,Gallatin,ocd-division/country:us/state:mt/county:gallatin,2055,,,,,2000
2016-01-30 15:57:28.232000,mt-2000-06-06-primary,2000-06-06 00:00:00,2000-06-06 00:00:00,primary,certified,False,Governor,,Joseph Mazurek,,,,,Democrat,,Flathead,ocd-division/country:us/state:mt/county:flathead,1822,,,,,2000
2016-01-30 15:57:28.232000,mt-2000-06-06-primary,2000-06-06 00:00:00,2000-06-06 00:00:00,primary,certified,False,Governor,,Joseph Mazurek,,,,,Democrat,,Fergus,ocd-division/country:us/state:mt/county:fergus,454,,,,,2000
2016-01-30 15:57:28.232000,mt-2000-06-06-primary,2000-06-06 00:00:00,2000-06-06 00:00:00,primary,certified,False,Governor,,Joseph Mazurek,,,,,Democrat,,Fallon,ocd-division/country:us/state:mt/county:fallon,68,,,,,2000
2016-01-30 15:57:28.232000,mt-2000-06-06-primary,2000-06-06 00:00:00,2000-06-06 00:00:00,primary,certified,False,Governor,,Joseph Mazurek,,,,,Democrat,,Deer Lodge,ocd-division/country:us/state:mt/county:deer_lodge,668,,,,,2000
2016-01-30 15:57:28.232000,mt-2000-06-06-primary,2000-06-06 00:00:00,2000-06-06 00:00:00,primary,certified,False,Governor,,Joseph Mazurek,,,,,Democrat,,Dawson,ocd-division/country:us/state:mt/county:dawson,295,,,,,2000
2016-01-30 15:57:28.232000,mt-2000-06-06-primary,2000-06-06 00:00:00,2000-06-06 00:00:00,primary,certified,False,Governor,,Joseph Mazurek,,,,,Democrat,,Daniels,ocd-division/country:us/state:mt/county:daniels,57,,,,,2000
2016-01-30 15:57:28.232000,mt-2000-06-06-primary,2000-06-06 00:00:00,2000-06-06 00:00:00,primary,certified,False,Governor,,Joseph Mazurek,,,,,Democrat,,Custer,ocd-division/country:us/state:mt/county:custer,418,,,,,2000
2016-01-30 15:57:28.232000,mt-2000-06-06-primary,2000-06-06 00:00:00,2000-06-06 00:00:00,primary,certified,False,Governor,,Joseph Mazurek,,,,,Democrat,,Chouteau,ocd-division/country:us/state:mt/county:chouteau,176,,,,,2000
2016-01-30 15:57:28.232000,mt-2000-06-06-primary,2000-06-06 00:00:00,2000-06-06 00:00:00,primary,certified,False,Governor,,Joseph Mazurek,,,,,Democrat,,Cascade,ocd-division/country:us/state:mt/county:cascade,2946,,,,,2000
2016-01-30 15:57:28.232000,mt-2000-06-06-primary,2000-06-06 00:00:00,2000-06-06 00:00:00,primary,certified,False,Governor,,Joseph Mazurek,,,,,Democrat,,Carter,ocd-division/country:us/state:mt/county:carter,21,,,,,2000
2016-01-30 15:57:28.232000,mt-2000-06-06-primary,2000-06-06 00:00:00,2000-06-06 00:00:00,primary,certified,False,Governor,,Joseph Mazurek,,,,,Democrat,,Carbon,ocd-division/country:us/state:mt/county:carbon,359,,,,,2000
2016-01-30 15:57:28.232000,mt-2000-06-06-primary,2000-06-06 00:00:00,2000-06-06 00:00:00,primary,certified,False,Governor,,Joseph Mazurek,,,,,Democrat,,Broadwater,ocd-division/country:us/state:mt/county:broadwater,154,,,,,2000
2016-01-30 15:57:28.232000,mt-2000-06-06-primary,2000-06-06 00:00:00,2000-06-06 00:00:00,primary,certified,False,Governor,,Joseph Mazurek,,,,,Democrat,,Blaine,ocd-division/country:us/state:mt/county:blaine,243,,,,,2000
2016-01-30 15:57:28.232000,mt-2000-06-06-primary,2000-06-06 00:00:00,2000-06-06 00:00:00,primary,certified,False,Governor,,Joseph Mazurek,,,,,Democrat,,Big Horn,ocd-division/country:us/state:mt/county:big_horn,340,,,,,2000
2016-01-30 15:57:28.232000,mt-2000-06-06-primary,2000-06-06 00:00:00,2000-06-06 00:00:00,primary,certified,False,Governor,,Joseph Mazurek,,,,,Democrat,,Beaverhead,ocd-division/country:us/state:mt/county:beaverhead,136,,,,,2000
2016-01-30 15:57:28.232000,mt-2000-06-06-primary,2000-06-06 00:00:00,2000-06-06 00:00:00,primary,certified,False,Governor,,Mike Cooney,,,,,Democrat,,Yellowstone,ocd-division/country:us/state:mt/county:yellowstone,964,,,,,2000
2016-01-30 15:57:28.232000,mt-2000-06-06-primary,2000-06-06 00:00:00,2000-06-06 00:00:00,primary,certified,False,Governor,,Mike Cooney,,,,,Democrat,,Wibaux,ocd-division/country:us/state:mt/county:wibaux,17,,,,,2000
2016-01-30 15:57:28.232000,mt-2000-06-06-primary,2000-06-06 00:00:00,2000-06-06 00:00:00,primary,certified,False,Governor,,Mike Cooney,,,,,Democrat,,Wheatland,ocd-division/country:us/state:mt/county:wheatland,31,,,,,2000
2016-01-30 15:57:28.232000,mt-2000-06-06-primary,2000-06-06 00:00:00,2000-06-06 00:00:00,primary,certified,False,Governor,,Mike Cooney,,,,,Democrat,,Valley,ocd-division/country:us/state:mt/county:valley,154,,,,,2000
2016-01-30 15:57:28.232000,mt-2000-06-06-primary,2000-06-06 00:00:00,2000-06-06 00:00:00,primary,certified,False,Governor,,Mike Cooney,,,,,Democrat,,Treasure,ocd-division/country:us/state:mt/county:treasure,19,,,,,2000
2016-01-30 15:57:28.232000,mt-2000-06-06-primary,2000-06-06 00:00:00,2000-06-06 00:00:00,primary,certified,False,Governor,,Mike Cooney,,,,,Democrat,,Toole,ocd-division/country:us/state:mt/county:toole,118,,,,,2000
2016-01-30 15:57:28.232000,mt-2000-06-06-primary,2000-06-06 00:00:00,2000-06-06 00:00:00,primary,certified,False,Governor,,Mike Cooney,,,,,Democrat,,Teton,ocd-division/country:us/state:mt/county:teton,186,,,,,2000
2016-01-30 15:57:28.232000,mt-2000-06-06-primary,2000-06-06 00:00:00,2000-06-06 00:00:00,primary,certified,False,Governor,,Mike Cooney,,,,,Democrat,,Sweet Grass,ocd-division/country:us/state:mt/county:sweet_grass,31,,,,,2000
2016-01-30 15:57:28.232000,mt-2000-06-06-primary,2000-06-06 00:00:00,2000-06-06 00:00:00,primary,certified,False,Governor,,Mike Cooney,,,,,Democrat,,Stillwater,ocd-division/country:us/state:mt/county:stillwater,88,,,,,2000
2016-01-30 15:57:28.232000,mt-2000-06-06-primary,2000-06-06 00:00:00,2000-06-06 00:00:00,primary,certified,False,Governor,,Mike Cooney,,,,,Democrat,,Silver Bow,ocd-division/country:us/state:mt/county:silver_bow,2852,,,,,2000
2016-01-30 15:57:28.232000,mt-2000-06-06-primary,2000-06-06 00:00:00,2000-06-06 00:00:00,primary,certified,False,Governor,,Mike Cooney,,,,,Democrat,,Sheridan,ocd-division/country:us/state:mt/county:sheridan,62,,,,,2000
2016-01-30 15:57:28.232000,mt-2000-06-06-primary,2000-06-06 00:00:00,2000-06-06 00:00:00,primary,certified,False,Governor,,Mike Cooney,,,,,Democrat,,Sanders,ocd-division/country:us/state:mt/county:sanders,148,,,,,2000
2016-01-30 15:57:28.232000,mt-2000-06-06-primary,2000-06-06 00:00:00,2000-06-06 00:00:00,primary,certified,False,Governor,,Mike Cooney,,,,,Democrat,,Rosebud,ocd-division/country:us/state:mt/county:rosebud,114,,,,,2000
2016-01-30 15:57:28.232000,mt-2000-06-06-primary,2000-06-06 00:00:00,2000-06-06 00:00:00,primary,certified,False,Governor,,Mike Cooney,,,,,Democrat,,Roosevelt,ocd-division/country:us/state:mt/county:roosevelt,166,,,,,2000
2016-01-30 15:57:28.232000,mt-2000-06-06-primary,2000-06-06 00:00:00,2000-06-06 00:00:00,primary,certified,False,Governor,,Mike Cooney,,,,,Democrat,,Richland,ocd-division/country:us/state:mt/county:richland,111,,,,,2000
2016-01-30 15:57:28.232000,mt-2000-06-06-primary,2000-06-06 00:00:00,2000-06-06 00:00:00,primary,certified,False,Governor,,Mike Cooney,,,,,Democrat,,Ravalli,ocd-division/country:us/state:mt/county:ravalli,259,,,,,2000
2016-01-30 15:57:28.232000,mt-2000-06-06-primary,2000-06-06 00:00:00,2000-06-06 00:00:00,primary,certified,False,Governor,,Mike Cooney,,,,,Democrat,,Prairie,ocd-division/country:us/state:mt/county:prairie,39,,,,,2000
2016-01-30 15:57:28.232000,mt-2000-06-06-primary,2000-06-06 00:00:00,2000-06-06 00:00:00,primary,certified,False,Governor,,Mike Cooney,,,,,Democrat,,Powell,ocd-division/country:us/state:mt/county:powell,137,,,,,2000
2016-01-30 15:57:28.232000,mt-2000-06-06-primary,2000-06-06 00:00:00,2000-06-06 00:00:00,primary,certified,False,Governor,,Mike Cooney,,,,,Democrat,,Powder River,ocd-division/country:us/state:mt/county:powder_river,5,,,,,2000
2016-01-30 15:57:28.232000,mt-2000-06-06-primary,2000-06-06 00:00:00,2000-06-06 00:00:00,primary,certified,False,Governor,,Mike Cooney,,,,,Democrat,,Pondera,ocd-division/country:us/state:mt/county:pondera,194,,,,,2000
2016-01-30 15:57:28.232000,mt-2000-06-06-primary,2000-06-06 00:00:00,2000-06-06 00:00:00,primary,certified,False,Governor,,Mike Cooney,,,,,Democrat,,Phillips,ocd-division/country:us/state:mt/county:phillips,40,,,,,2000
2016-01-30 15:57:28.232000,mt-2000-06-06-primary,2000-06-06 00:00:00,2000-06-06 00:00:00,primary,certified,False,Governor,,Mike Cooney,,,,,Democrat,,Petroleum,ocd-division/country:us/state:mt/county:petroleum,14,,,,,2000
2016-01-30 15:57:28.232000,mt-2000-06-06-primary,2000-06-06 00:00:00,2000-06-06 00:00:00,primary,certified,False,Governor,,Mike Cooney,,,,,Democrat,,Park,ocd-division/country:us/state:mt/county:park,161,,,,,2000
2016-01-30 15:57:28.232000,mt-2000-06-06-primary,2000-06-06 00:00:00,2000-06-06 00:00:00,primary,certified,False,Governor,,Mike Cooney,,,,,Democrat,,Musselshell,ocd-division/country:us/state:mt/county:musselshell,61,,,,,2000
2016-01-30 15:57:28.232000,mt-2000-06-06-primary,2000-06-06 00:00:00,2000-06-06 00:00:00,primary,certified,False,Governor,,Mike Cooney,,,,,Democrat,,Missoula,ocd-division/country:us/state:mt/county:missoula,1173,,,,,2000
2016-01-30 15:57:28.232000,mt-2000-06-06-primary,2000-06-06 00:00:00,2000-06-06 00:00:00,primary,certified,False,Governor,,Mike Cooney,,,,,Democrat,,Mineral,ocd-division/country:us/state:mt/county:mineral,75,,,,,2000
2016-01-30 15:57:28.232000,mt-2000-06-06-primary,2000-06-06 00:00:00,2000-06-06 00:00:00,primary,certified,False,Governor,,Mike Cooney,,,,,Democrat,,Meagher,ocd-division/country:us/state:mt/county:meagher,29,,,,,2000
2016-01-30 15:57:28.232000,mt-2000-06-06-primary,2000-06-06 00:00:00,2000-06-06 00:00:00,primary,certified,False,Governor,,Mike Cooney,,,,,Democrat,,McCone,ocd-division/country:us/state:mt/county:mccone,43,,,,,2000
2016-01-30 15:57:28.232000,mt-2000-06-06-primary,2000-06-06 00:00:00,2000-06-06 00:00:00,primary,certified,False,Governor,,Mike Cooney,,,,,Democrat,,Madison,ocd-division/country:us/state:mt/county:madison,87,,,,,2000
2016-01-30 15:57:28.232000,mt-2000-06-06-primary,2000-06-06 00:00:00,2000-06-06 00:00:00,primary,certified,False,Governor,,Mike Cooney,,,,,Democrat,,Lincoln,ocd-division/country:us/state:mt/county:lincoln,195,,,,,2000
2016-01-30 15:57:28.232000,mt-2000-06-06-primary,2000-06-06 00:00:00,2000-06-06 00:00:00,primary,certified,False,Governor,,Mike Cooney,,,,,Democrat,,Liberty,ocd-division/country:us/state:mt/county:liberty,45,,,,,2000
2016-01-30 15:57:28.232000,mt-2000-06-06-primary,2000-06-06 00:00:00,2000-06-06 00:00:00,primary,certified,False,Governor,,Mike Cooney,,,,,Democrat,,Lewis & Clark,ocd-division/country:us/state:mt/county:lewis_and_clark,2038,,,,,2000
2016-01-30 15:57:28.232000,mt-2000-06-06-primary,2000-06-06 00:00:00,2000-06-06 00:00:00,primary,certified,False,Governor,,Mike Cooney,,,,,Democrat,,Lake,ocd-division/country:us/state:mt/county:lake,204,,,,,2000
2016-01-30 15:57:28.232000,mt-2000-06-06-primary,2000-06-06 00:00:00,2000-06-06 00:00:00,primary,certified,False,Governor,,Mike Cooney,,,,,Democrat,,Judith Basin,ocd-division/country:us/state:mt/county:judith_basin,64,,,,,2000
2016-01-30 15:57:28.232000,mt-2000-06-06-primary,2000-06-06 00:00:00,2000-06-06 00:00:00,primary,certified,False,Governor,,Mike Cooney,,,,,Democrat,,Jefferson,ocd-division/country:us/state:mt/county:jefferson,283,,,,,2000
2016-01-30 15:57:28.232000,mt-2000-06-06-primary,2000-06-06 00:00:00,2000-06-06 00:00:00,primary,certified,False,Governor,,Mike Cooney,,,,,Democrat,,Hill,ocd-division/country:us/state:mt/county:hill,365,,,,,2000
2016-01-30 15:57:28.232000,mt-2000-06-06-primary,2000-06-06 00:00:00,2000-06-06 00:00:00,primary,certified,False,Governor,,Mike Cooney,,,,,Democrat,,Granite,ocd-division/country:us/state:mt/county:granite,51,,,,,2000
2016-01-30 15:57:28.232000,mt-2000-06-06-primary,2000-06-06 00:00:00,2000-06-06 00:00:00,primary,certified,False,Governor,,Mike Cooney,,,,,Democrat,,Golden Valley,ocd-division/country:us/state:mt/county:golden_valley,9,,,,,2000
2016-01-30 15:57:28.232000,mt-2000-06-06-primary,2000-06-06 00:00:00,2000-06-06 00:00:00,primary,certified,False,Governor,,Mike Cooney,,,,,Democrat,,Glacier,ocd-division/country:us/state:mt/county:glacier,329,,,,,2000
2016-01-30 15:57:28.232000,mt-2000-06-06-primary,2000-06-06 00:00:00,2000-06-06 00:00:00,primary,certified,False,Governor,,Mike Cooney,,,,,Democrat,,Garfield,ocd-division/country:us/state:mt/county:garfield,24,,,,,2000
2016-01-30 15:57:28.232000,mt-2000-06-06-primary,2000-06-06 00:00:00,2000-06-06 00:00:00,primary,certified,False,Governor,,Mike Cooney,,,,,Democrat,,Gallatin,ocd-division/country:us/state:mt/county:gallatin,416,,,,,2000
2016-01-30 15:57:28.232000,mt-2000-06-06-primary,2000-06-06 00:00:00,2000-06-06 00:00:00,primary,certified,False,Governor,,Mike Cooney,,,,,Democrat,,Flathead,ocd-division/country:us/state:mt/county:flathead,513,,,,,2000
2016-01-30 15:57:28.232000,mt-2000-06-06-primary,2000-06-06 00:00:00,2000-06-06 00:00:00,primary,certified,False,Governor,,Mike Cooney,,,,,Democrat,,Fergus,ocd-division/country:us/state:mt/county:fergus,225,,,,,2000
2016-01-30 15:57:28.232000,mt-2000-06-06-primary,2000-06-06 00:00:00,2000-06-06 00:00:00,primary,certified,False,Governor,,Mike Cooney,,,,,Democrat,,Fallon,ocd-division/country:us/state:mt/county:fallon,24,,,,,2000
2016-01-30 15:57:28.232000,mt-2000-06-06-primary,2000-06-06 00:00:00,2000-06-06 00:00:00,primary,certified,False,Governor,,Mike Cooney,,,,,Democrat,,Deer Lodge,ocd-division/country:us/state:mt/county:deer_lodge,673,,,,,2000
2016-01-30 15:57:28.232000,mt-2000-06-06-primary,2000-06-06 00:00:00,2000-06-06 00:00:00,primary,certified,False,Governor,,Mike Cooney,,,,,Democrat,,Dawson,ocd-division/country:us/state:mt/county:dawson,81,,,,,2000
2016-01-30 15:57:28.232000,mt-2000-06-06-primary,2000-06-06 00:00:00,2000-06-06 00:00:00,primary,certified,False,Governor,,Mike Cooney,,,,,Democrat,,Daniels,ocd-division/country:us/state:mt/county:daniels,34,,,,,2000
2016-01-30 15:57:28.232000,mt-2000-06-06-primary,2000-06-06 00:00:00,2000-06-06 00:00:00,primary,certified,False,Governor,,Mike Cooney,,,,,Democrat,,Custer,ocd-division/country:us/state:mt/county:custer,125,,,,,2000
2016-01-30 15:57:28.232000,mt-2000-06-06-primary,2000-06-06 00:00:00,2000-06-06 00:00:00,primary,certified,False,Governor,,Mike Cooney,,,,,Democrat,,Chouteau,ocd-division/country:us/state:mt/county:chouteau,105,,,,,2000
2016-01-30 15:57:28.232000,mt-2000-06-06-primary,2000-06-06 00:00:00,2000-06-06 00:00:00,primary,certified,False,Governor,,Mike Cooney,,,,,Democrat,,Cascade,ocd-division/country:us/state:mt/county:cascade,1896,,,,,2000
2016-01-30 15:57:28.232000,mt-2000-06-06-primary,2000-06-06 00:00:00,2000-06-06 00:00:00,primary,certified,False,Governor,,Mike Cooney,,,,,Democrat,,Carter,ocd-division/country:us/state:mt/county:carter,12,,,,,2000
2016-01-30 15:57:28.232000,mt-2000-06-06-primary,2000-06-06 00:00:00,2000-06-06 00:00:00,primary,certified,False,Governor,,Mike Cooney,,,,,Democrat,,Carbon,ocd-division/country:us/state:mt/county:carbon,126,,,,,2000
2016-01-30 15:57:28.232000,mt-2000-06-06-primary,2000-06-06 00:00:00,2000-06-06 00:00:00,primary,certified,False,Governor,,Mike Cooney,,,,,Democrat,,Broadwater,ocd-division/country:us/state:mt/county:broadwater,92,,,,,2000
2016-01-30 15:57:28.232000,mt-2000-06-06-primary,2000-06-06 00:00:00,2000-06-06 00:00:00,primary,certified,False,Governor,,Mike Cooney,,,,,Democrat,,Blaine,ocd-division/country:us/state:mt/county:blaine,109,,,,,2000
2016-01-30 15:57:28.232000,mt-2000-06-06-primary,2000-06-06 00:00:00,2000-06-06 00:00:00,primary,certified,False,Governor,,Mike Cooney,,,,,Democrat,,Big Horn,ocd-division/country:us/state:mt/county:big_horn,172,,,,,2000
2016-01-30 15:57:28.232000,mt-2000-06-06-primary,2000-06-06 00:00:00,2000-06-06 00:00:00,primary,certified,False,Governor,,Mike Cooney,,,,,Democrat,,Beaverhead,ocd-division/country:us/state:mt/county:beaverhead,89,,,,,2000
2016-01-30 15:57:28.232000,mt-2000-06-06-primary,2000-06-06 00:00:00,2000-06-06 00:00:00,primary,certified,False,U.S. House,1,Dennis Rehberg,,,,,Republican,,Yellowstone,ocd-division/country:us/state:mt/county:yellowstone,12267,,,,,2000
2016-01-30 15:57:28.232000,mt-2000-06-06-primary,2000-06-06 00:00:00,2000-06-06 00:00:00,primary,certified,False,U.S. House,1,Dennis Rehberg,,,,,Republican,,Wibaux,ocd-division/country:us/state:mt/county:wibaux,141,,,,,2000
2016-01-30 15:57:28.232000,mt-2000-06-06-primary,2000-06-06 00:00:00,2000-06-06 00:00:00,primary,certified,False,U.S. House,1,Dennis Rehberg,,,,,Republican,,Wheatland,ocd-division/country:us/state:mt/county:wheatland,380,,,,,2000
2016-01-30 15:57:28.232000,mt-2000-06-06-primary,2000-06-06 00:00:00,2000-06-06 00:00:00,primary,certified,False,U.S. House,1,Dennis Rehberg,,,,,Republican,,Valley,ocd-division/country:us/state:mt/county:valley,1250,,,,,2000
2016-01-30 15:57:28.232000,mt-2000-06-06-primary,2000-06-06 00:00:00,2000-06-06 00:00:00,primary,certified,False,U.S. House,1,Dennis Rehberg,,,,,Republican,,Treasure,ocd-division/country:us/state:mt/county:treasure,166,,,,,2000
2016-01-30 15:57:28.232000,mt-2000-06-06-primary,2000-06-06 00:00:00,2000-06-06 00:00:00,primary,certified,False,U.S. House,1,Dennis Rehberg,,,,,Republican,,Toole,ocd-division/country:us/state:mt/county:toole,874,,,,,2000
2016-01-30 15:57:28.232000,mt-2000-06-06-primary,2000-06-06 00:00:00,2000-06-06 00:00:00,primary,certified,False,U.S. House,1,Dennis Rehberg,,,,,Republican,,Teton,ocd-division/country:us/state:mt/county:teton,1288,,,,,2000
2016-01-30 15:57:28.232000,mt-2000-06-06-primary,2000-06-06 00:00:00,2000-06-06 00:00:00,primary,certified,False,U.S. House,1,Dennis Rehberg,,,,,Republican,,Sweet Grass,ocd-division/country:us/state:mt/county:sweet_grass,816,,,,,2000
2016-01-30 15:57:28.232000,mt-2000-06-06-primary,2000-06-06 00:00:00,2000-06-06 00:00:00,primary,certified,False,U.S. House,1,Dennis Rehberg,,,,,Republican,,Stillwater,ocd-division/country:us/state:mt/county:stillwater,1248,,,,,2000
2016-01-30 15:57:28.232000,mt-2000-06-06-primary,2000-06-06 00:00:00,2000-06-06 00:00:00,primary,certified,False,U.S. House,1,Dennis Rehberg,,,,,Republican,,Silver Bow,ocd-division/country:us/state:mt/county:silver_bow,2367,,,,,2000
2016-01-30 15:57:28.232000,mt-2000-06-06-primary,2000-06-06 00:00:00,2000-06-06 00:00:00,primary,certified,False,U.S. House,1,Dennis Rehberg,,,,,Republican,,Sheridan,ocd-division/country:us/state:mt/county:sheridan,460,,,,,2000
2016-01-30 15:57:28.232000,mt-2000-06-06-primary,2000-06-06 00:00:00,2000-06-06 00:00:00,primary,certified,False,U.S. House,1,Dennis Rehberg,,,,,Republican,,Sanders,ocd-division/country:us/state:mt/county:sanders,1201,,,,,2000
2016-01-30 15:57:28.232000,mt-2000-06-06-primary,2000-06-06 00:00:00,2000-06-06 00:00:00,primary,certified,False,U.S. House,1,Dennis Rehberg,,,,,Republican,,Rosebud,ocd-division/country:us/state:mt/county:rosebud,654,,,,,2000
2016-01-30 15:57:28.232000,mt-2000-06-06-primary,2000-06-06 00:00:00,2000-06-06 00:00:00,primary,certified,False,U.S. House,1,Dennis Rehberg,,,,,Republican,,Roosevelt,ocd-division/country:us/state:mt/county:roosevelt,533,,,,,2000
2016-01-30 15:57:28.232000,mt-2000-06-06-primary,2000-06-06 00:00:00,2000-06-06 00:00:00,primary,certified,False,U.S. House,1,Dennis Rehberg,,,,,Republican,,Richland,ocd-division/country:us/state:mt/county:richland,1074,,,,,2000
2016-01-30 15:57:28.232000,mt-2000-06-06-primary,2000-06-06 00:00:00,2000-06-06 00:00:00,primary,certified,False,U.S. House,1,Dennis Rehberg,,,,,Republican,,Ravalli,ocd-division/country:us/state:mt/county:ravalli,5794,,,,,2000
2016-01-30 15:57:28.232000,mt-2000-06-06-primary,2000-06-06 00:00:00,2000-06-06 00:00:00,primary,certified,False,U.S. House,1,Dennis Rehberg,,,,,Republican,,Prairie,ocd-division/country:us/state:mt/county:prairie,380,,,,,2000
2016-01-30 15:57:28.232000,mt-2000-06-06-primary,2000-06-06 00:00:00,2000-06-06 00:00:00,primary,certified,False,U.S. House,1,Dennis Rehberg,,,,,Republican,,Powell,ocd-division/country:us/state:mt/county:powell,885,,,,,2000
2016-01-30 15:57:28.232000,mt-2000-06-06-primary,2000-06-06 00:00:00,2000-06-06 00:00:00,primary,certified,False,U.S. House,1,Dennis Rehberg,,,,,Republican,,Powder River,ocd-division/country:us/state:mt/county:powder_river,509,,,,,2000
2016-01-30 15:57:28.232000,mt-2000-06-06-primary,2000-06-06 00:00:00,2000-06-06 00:00:00,primary,certified,False,U.S. House,1,Dennis Rehberg,,,,,Republican,,Pondera,ocd-division/country:us/state:mt/county:pondera,954,,,,,2000
2016-01-30 15:57:28.232000,mt-2000-06-06-primary,2000-06-06 00:00:00,2000-06-06 00:00:00,primary,certified,False,U.S. House,1,Dennis Rehberg,,,,,Republican,,Phillips,ocd-division/country:us/state:mt/county:phillips,1037,,,,,2000
2016-01-30 15:57:28.232000,mt-2000-06-06-primary,2000-06-06 00:00:00,2000-06-06 00:00:00,primary,certified,False,U.S. House,1,Dennis Rehberg,,,,,Republican,,Petroleum,ocd-division/country:us/state:mt/county:petroleum,128,,,,,2000
2016-01-30 15:57:28.232000,mt-2000-06-06-primary,2000-06-06 00:00:00,2000-06-06 00:00:00,primary,certified,False,U.S. House,1,Dennis Rehberg,,,,,Republican,,Park,ocd-division/country:us/state:mt/county:park,1972,,,,,2000
2016-01-30 15:57:28.232000,mt-2000-06-06-primary,2000-06-06 00:00:00,2000-06-06 00:00:00,primary,certified,False,U.S. House,1,Dennis Rehberg,,,,,Republican,,Musselshell,ocd-division/country:us/state:mt/county:musselshell,949,,,,,2000
2016-01-30 15:57:28.232000,mt-2000-06-06-primary,2000-06-06 00:00:00,2000-06-06 00:00:00,primary,certified,False,U.S. House,1,Dennis Rehberg,,,,,Republican,,Missoula,ocd-division/country:us/state:mt/county:missoula,7513,,,,,2000
2016-01-30 15:57:28.232000,mt-2000-06-06-primary,2000-06-06 00:00:00,2000-06-06 00:00:00,primary,certified,False,U.S. House,1,Dennis Rehberg,,,,,Republican,,Mineral,ocd-division/country:us/state:mt/county:mineral,296,,,,,2000
2016-01-30 15:57:28.232000,mt-2000-06-06-primary,2000-06-06 00:00:00,2000-06-06 00:00:00,primary,certified,False,U.S. House,1,Dennis Rehberg,,,,,Republican,,Meagher,ocd-division/country:us/state:mt/county:meagher,351,,,,,2000
2016-01-30 15:57:28.232000,mt-2000-06-06-primary,2000-06-06 00:00:00,2000-06-06 00:00:00,primary,certified,False,U.S. House,1,Dennis Rehberg,,,,,Republican,,McCone,ocd-division/country:us/state:mt/county:mccone,392,,,,,2000
2016-01-30 15:57:28.232000,mt-2000-06-06-primary,2000-06-06 00:00:00,2000-06-06 00:00:00,primary,certified,False,U.S. House,1,Dennis Rehberg,,,,,Republican,,Madison,ocd-division/country:us/state:mt/county:madison,1331,,,,,2000
2016-01-30 15:57:28.232000,mt-2000-06-06-primary,2000-06-06 00:00:00,2000-06-06 00:00:00,primary,certified,False,U.S. House,1,Dennis Rehberg,,,,,Republican,,Lincoln,ocd-division/country:us/state:mt/county:lincoln,2110,,,,,2000
2016-01-30 15:57:28.232000,mt-2000-06-06-primary,2000-06-06 00:00:00,2000-06-06 00:00:00,primary,certified,False,U.S. House,1,Dennis Rehberg,,,,,Republican,,Liberty,ocd-division/country:us/state:mt/county:liberty,439,,,,,2000
2016-01-30 15:57:28.232000,mt-2000-06-06-primary,2000-06-06 00:00:00,2000-06-06 00:00:00,primary,certified,False,U.S. House,1,Dennis Rehberg,,,,,Republican,,Lewis & Clark,ocd-division/country:us/state:mt/county:lewis_and_clark,5372,,,,,2000
2016-01-30 15:57:28.232000,mt-2000-06-06-primary,2000-06-06 00:00:00,2000-06-06 00:00:00,primary,certified,False,U.S. House,1,Dennis Rehberg,,,,,Republican,,Lake,ocd-division/country:us/state:mt/county:lake,3254,,,,,2000
2016-01-30 15:57:28.232000,mt-2000-06-06-primary,2000-06-06 00:00:00,2000-06-06 00:00:00,primary,certified,False,U.S. House,1,Dennis Rehberg,,,,,Republican,,Judith Basin,ocd-division/country:us/state:mt/county:judith_basin,540,,,,,2000
2016-01-30 15:57:28.232000,mt-2000-06-06-primary,2000-06-06 00:00:00,2000-06-06 00:00:00,primary,certified,False,U.S. House,1,Dennis Rehberg,,,,,Republican,,Jefferson,ocd-division/country:us/state:mt/county:jefferson,1463,,,,,2000
2016-01-30 15:57:28.232000,mt-2000-06-06-primary,2000-06-06 00:00:00,2000-06-06 00:00:00,primary,certified,False,U.S. House,1,Dennis Rehberg,,,,,Republican,,Hill,ocd-division/country:us/state:mt/county:hill,1248,,,,,2000
2016-01-30 15:57:28.232000,mt-2000-06-06-primary,2000-06-06 00:00:00,2000-06-06 00:00:00,primary,certified,False,U.S. House,1,Dennis Rehberg,,,,,Republican,,Granite,ocd-division/country:us/state:mt/county:granite,593,,,,,2000
2016-01-30 15:57:28.232000,mt-2000-06-06-primary,2000-06-06 00:00:00,2000-06-06 00:00:00,primary,certified,False,U.S. House,1,Dennis Rehberg,,,,,Republican,,Golden Valley,ocd-division/country:us/state:mt/county:golden_valley,231,,,,,2000
2016-01-30 15:57:28.232000,mt-2000-06-06-primary,2000-06-06 00:00:00,2000-06-06 00:00:00,primary,certified,False,U.S. House,1,Dennis Rehberg,,,,,Republican,,Glacier,ocd-division/country:us/state:mt/county:glacier,527,,,,,2000
2016-01-30 15:57:28.232000,mt-2000-06-06-primary,2000-06-06 00:00:00,2000-06-06 00:00:00,primary,certified,False,U.S. House,1,Dennis Rehberg,,,,,Republican,,Garfield,ocd-division/country:us/state:mt/county:garfield,355,,,,,2000
2016-01-30 15:57:28.232000,mt-2000-06-06-primary,2000-06-06 00:00:00,2000-06-06 00:00:00,primary,certified,False,U.S. House,1,Dennis Rehberg,,,,,Republican,,Gallatin,ocd-division/country:us/state:mt/county:gallatin,6429,,,,,2000
2016-01-30 15:57:28.232000,mt-2000-06-06-primary,2000-06-06 00:00:00,2000-06-06 00:00:00,primary,certified,False,U.S. House,1,Dennis Rehberg,,,,,Republican,,Flathead,ocd-division/country:us/state:mt/county:flathead,8715,,,,,2000
2016-01-30 15:57:28.232000,mt-2000-06-06-primary,2000-06-06 00:00:00,2000-06-06 00:00:00,primary,certified,False,U.S. House,1,Dennis Rehberg,,,,,Republican,,Fergus,ocd-division/country:us/state:mt/county:fergus,2426,,,,,2000
2016-01-30 15:57:28.232000,mt-2000-06-06-primary,2000-06-06 00:00:00,2000-06-06 00:00:00,primary,certified,False,U.S. House,1,Dennis Rehberg,,,,,Republican,,Fallon,ocd-division/country:us/state:mt/county:fallon,570,,,,,2000
2016-01-30 15:57:28.232000,mt-2000-06-06-primary,2000-06-06 00:00:00,2000-06-06 00:00:00,primary,certified,False,U.S. House,1,Dennis Rehberg,,,,,Republican,,Deer Lodge,ocd-division/country:us/state:mt/county:deer_lodge,549,,,,,2000
2016-01-30 15:57:28.232000,mt-2000-06-06-primary,2000-06-06 00:00:00,2000-06-06 00:00:00,primary,certified,False,U.S. House,1,Dennis Rehberg,,,,,Republican,,Dawson,ocd-division/country:us/state:mt/county:dawson,1380,,,,,2000
2016-01-30 15:57:28.232000,mt-2000-06-06-primary,2000-06-06 00:00:00,2000-06-06 00:00:00,primary,certified,False,U.S. House,1,Dennis Rehberg,,,,,Republican,,Daniels,ocd-division/country:us/state:mt/county:daniels,446,,,,,2000
2016-01-30 15:57:28.232000,mt-2000-06-06-primary,2000-06-06 00:00:00,2000-06-06 00:00:00,primary,certified,False,U.S. House,1,Dennis Rehberg,,,,,Republican,,Custer,ocd-division/country:us/state:mt/county:custer,1355,,,,,2000
2016-01-30 15:57:28.232000,mt-2000-06-06-primary,2000-06-06 00:00:00,2000-06-06 00:00:00,primary,certified,False,U.S. House,1,Dennis Rehberg,,,,,Republican,,Chouteau,ocd-division/country:us/state:mt/county:chouteau,1239,,,,,2000
2016-01-30 15:57:28.232000,mt-2000-06-06-primary,2000-06-06 00:00:00,2000-06-06 00:00:00,primary,certified,False,U.S. House,1,Dennis Rehberg,,,,,Republican,,Cascade,ocd-division/country:us/state:mt/county:cascade,6778,,,,,2000
2016-01-30 15:57:28.232000,mt-2000-06-06-primary,2000-06-06 00:00:00,2000-06-06 00:00:00,primary,certified,False,U.S. House,1,Dennis Rehberg,,,,,Republican,,Carter,ocd-division/country:us/state:mt/county:carter,415,,,,,2000
2016-01-30 15:57:28.232000,mt-2000-06-06-primary,2000-06-06 00:00:00,2000-06-06 00:00:00,primary,certified,False,U.S. House,1,Dennis Rehberg,,,,,Republican,,Carbon,ocd-division/country:us/state:mt/county:carbon,1302,,,,,2000
2016-01-30 15:57:28.232000,mt-2000-06-06-primary,2000-06-06 00:00:00,2000-06-06 00:00:00,primary,certified,False,U.S. House,1,Dennis Rehberg,,,,,Republican,,Broadwater,ocd-division/country:us/state:mt/county:broadwater,589,,,,,2000
2016-01-30 15:57:28.232000,mt-2000-06-06-primary,2000-06-06 00:00:00,2000-06-06 00:00:00,primary,certified,False,U.S. House,1,Dennis Rehberg,,,,,Republican,,Blaine,ocd-division/country:us/state:mt/county:blaine,576,,,,,2000
2016-01-30 15:57:28.232000,mt-2000-06-06-primary,2000-06-06 00:00:00,2000-06-06 00:00:00,primary,certified,False,U.S. House,1,Dennis Rehberg,,,,,Republican,,Big Horn,ocd-division/country:us/state:mt/county:big_horn,741,,,,,2000
2016-01-30 15:57:28.232000,mt-2000-06-06-primary,2000-06-06 00:00:00,2000-06-06 00:00:00,primary,certified,False,U.S. House,1,Dennis Rehberg,,,,,Republican,,Beaverhead,ocd-division/country:us/state:mt/county:beaverhead,1794,,,,,2000
2016-01-30 15:57:28.232000,mt-2000-06-06-primary,2000-06-06 00:00:00,2000-06-06 00:00:00,primary,certified,False,U.S. House,1,Nancy Keenan,,,,,Democrat,,Yellowstone,ocd-division/country:us/state:mt/county:yellowstone,9592,,,,,2000
2016-01-30 15:57:28.232000,mt-2000-06-06-primary,2000-06-06 00:00:00,2000-06-06 00:00:00,primary,certified,False,U.S. House,1,Nancy Keenan,,,,,Democrat,,Wibaux,ocd-division/country:us/state:mt/county:wibaux,131,,,,,2000
2016-01-30 15:57:28.232000,mt-2000-06-06-primary,2000-06-06 00:00:00,2000-06-06 00:00:00,primary,certified,False,U.S. House,1,Nancy Keenan,,,,,Democrat,,Wheatland,ocd-division/country:us/state:mt/county:wheatland,156,,,,,2000
2016-01-30 15:57:28.232000,mt-2000-06-06-primary,2000-06-06 00:00:00,2000-06-06 00:00:00,primary,certified,False,U.S. House,1,Nancy Keenan,,,,,Democrat,,Valley,ocd-division/country:us/state:mt/county:valley,883,,,,,2000
2016-01-30 15:57:28.232000,mt-2000-06-06-primary,2000-06-06 00:00:00,2000-06-06 00:00:00,primary,certified,False,U.S. House,1,Nancy Keenan,,,,,Democrat,,Treasure,ocd-division/country:us/state:mt/county:treasure,100,,,,,2000
2016-01-30 15:57:28.232000,mt-2000-06-06-primary,2000-06-06 00:00:00,2000-06-06 00:00:00,primary,certified,False,U.S. House,1,Nancy Keenan,,,,,Democrat,,Toole,ocd-division/country:us/state:mt/county:toole,441,,,,,2000
2016-01-30 15:57:28.232000,mt-2000-06-06-primary,2000-06-06 00:00:00,2000-06-06 00:00:00,primary,certified,False,U.S. House,1,Nancy Keenan,,,,,Democrat,,Teton,ocd-division/country:us/state:mt/county:teton,592,,,,,2000
2016-01-30 15:57:28.232000,mt-2000-06-06-primary,2000-06-06 00:00:00,2000-06-06 00:00:00,primary,certified,False,U.S. House,1,Nancy Keenan,,,,,Democrat,,Sweet Grass,ocd-division/country:us/state:mt/county:sweet_grass,162,,,,,2000
2016-01-30 15:57:28.232000,mt-2000-06-06-primary,2000-06-06 00:00:00,2000-06-06 00:00:00,primary,certified,False,U.S. House,1,Nancy Keenan,,,,,Democrat,,Stillwater,ocd-division/country:us/state:mt/county:stillwater,637,,,,,2000
2016-01-30 15:57:28.232000,mt-2000-06-06-primary,2000-06-06 00:00:00,2000-06-06 00:00:00,primary,certified,False,U.S. House,1,Nancy Keenan,,,,,Democrat,,Silver Bow,ocd-division/country:us/state:mt/county:silver_bow,8250,,,,,2000
2016-01-30 15:57:28.232000,mt-2000-06-06-primary,2000-06-06 00:00:00,2000-06-06 00:00:00,primary,certified,False,U.S. House,1,Nancy Keenan,,,,,Democrat,,Sheridan,ocd-division/country:us/state:mt/county:sheridan,431,,,,,2000
2016-01-30 15:57:28.232000,mt-2000-06-06-primary,2000-06-06 00:00:00,2000-06-06 00:00:00,primary,certified,False,U.S. House,1,Nancy Keenan,,,,,Democrat,,Sanders,ocd-division/country:us/state:mt/county:sanders,860,,,,,2000
2016-01-30 15:57:28.232000,mt-2000-06-06-primary,2000-06-06 00:00:00,2000-06-06 00:00:00,primary,certified,False,U.S. House,1,Nancy Keenan,,,,,Democrat,,Rosebud,ocd-division/country:us/state:mt/county:rosebud,670,,,,,2000
2016-01-30 15:57:28.232000,mt-2000-06-06-primary,2000-06-06 00:00:00,2000-06-06 00:00:00,primary,certified,False,U.S. House,1,Nancy Keenan,,,,,Democrat,,Roosevelt,ocd-division/country:us/state:mt/county:roosevelt,862,,,,,2000
2016-01-30 15:57:28.232000,mt-2000-06-06-primary,2000-06-06 00:00:00,2000-06-06 00:00:00,primary,certified,False,U.S. House,1,Nancy Keenan,,,,,Democrat,,Richland,ocd-division/country:us/state:mt/county:richland,667,,,,,2000
2016-01-30 15:57:28.232000,mt-2000-06-06-primary,2000-06-06 00:00:00,2000-06-06 00:00:00,primary,certified,False,U.S. House,1,Nancy Keenan,,,,,Democrat,,Ravalli,ocd-division/country:us/state:mt/county:ravalli,2366,,,,,2000
2016-01-30 15:57:28.232000,mt-2000-06-06-primary,2000-06-06 00:00:00,2000-06-06 00:00:00,primary,certified,False,U.S. House,1,Nancy Keenan,,,,,Democrat,,Prairie,ocd-division/country:us/state:mt/county:prairie,112,,,,,2000
2016-01-30 15:57:28.232000,mt-2000-06-06-primary,2000-06-06 00:00:00,2000-06-06 00:00:00,primary,certified,False,U.S. House,1,Nancy Keenan,,,,,Democrat,,Powell,ocd-division/country:us/state:mt/county:powell,506,,,,,2000
2016-01-30 15:57:28.232000,mt-2000-06-06-primary,2000-06-06 00:00:00,2000-06-06 00:00:00,primary,certified,False,U.S. House,1,Nancy Keenan,,,,,Democrat,,Powder River,ocd-division/country:us/state:mt/county:powder_river,41,,,,,2000
2016-01-30 15:57:28.232000,mt-2000-06-06-primary,2000-06-06 00:00:00,2000-06-06 00:00:00,primary,certified,False,U.S. House,1,Nancy Keenan,,,,,Democrat,,Pondera,ocd-division/country:us/state:mt/county:pondera,733,,,,,2000
2016-01-30 15:57:28.232000,mt-2000-06-06-primary,2000-06-06 00:00:00,2000-06-06 00:00:00,primary,certified,False,U.S. House,1,Nancy Keenan,,,,,Democrat,,Phillips,ocd-division/country:us/state:mt/county:phillips,203,,,,,2000
2016-01-30 15:57:28.232000,mt-2000-06-06-primary,2000-06-06 00:00:00,2000-06-06 00:00:00,primary,certified,False,U.S. House,1,Nancy Keenan,,,,,Democrat,,Petroleum,ocd-division/country:us/state:mt/county:petroleum,34,,,,,2000
2016-01-30 15:57:28.232000,mt-2000-06-06-primary,2000-06-06 00:00:00,2000-06-06 00:00:00,primary,certified,False,U.S. House,1,Nancy Keenan,,,,,Democrat,,Park,ocd-division/country:us/state:mt/county:park,1122,,,,,2000
2016-01-30 15:57:28.232000,mt-2000-06-06-primary,2000-06-06 00:00:00,2000-06-06 00:00:00,primary,certified,False,U.S. House,1,Nancy Keenan,,,,,Democrat,,Musselshell,ocd-division/country:us/state:mt/county:musselshell,326,,,,,2000
2016-01-30 15:57:28.232000,mt-2000-06-06-primary,2000-06-06 00:00:00,2000-06-06 00:00:00,primary,certified,False,U.S. House,1,Nancy Keenan,,,,,Democrat,,Missoula,ocd-division/country:us/state:mt/county:missoula,10894,,,,,2000
2016-01-30 15:57:28.232000,mt-2000-06-06-primary,2000-06-06 00:00:00,2000-06-06 00:00:00,primary,certified,False,U.S. House,1,Nancy Keenan,,,,,Democrat,,Mineral,ocd-division/country:us/state:mt/county:mineral,403,,,,,2000
2016-01-30 15:57:28.232000,mt-2000-06-06-primary,2000-06-06 00:00:00,2000-06-06 00:00:00,primary,certified,False,U.S. House,1,Nancy Keenan,,,,,Democrat,,Meagher,ocd-division/country:us/state:mt/county:meagher,128,,,,,2000
2016-01-30 15:57:28.232000,mt-2000-06-06-primary,2000-06-06 00:00:00,2000-06-06 00:00:00,primary,certified,False,U.S. House,1,Nancy Keenan,,,,,Democrat,,McCone,ocd-division/country:us/state:mt/county:mccone,216,,,,,2000
2016-01-30 15:57:28.232000,mt-2000-06-06-primary,2000-06-06 00:00:00,2000-06-06 00:00:00,primary,certified,False,U.S. House,1,Nancy Keenan,,,,,Democrat,,Madison,ocd-division/country:us/state:mt/county:madison,478,,,,,2000
2016-01-30 15:57:28.232000,mt-2000-06-06-primary,2000-06-06 00:00:00,2000-06-06 00:00:00,primary,certified,False,U.S. House,1,Nancy Keenan,,,,,Democrat,,Lincoln,ocd-division/country:us/state:mt/county:lincoln,1172,,,,,2000
2016-01-30 15:57:28.232000,mt-2000-06-06-primary,2000-06-06 00:00:00,2000-06-06 00:00:00,primary,certified,False,U.S. House,1,Nancy Keenan,,,,,Democrat,,Liberty,ocd-division/country:us/state:mt/county:liberty,187,,,,,2000
2016-01-30 15:57:28.232000,mt-2000-06-06-primary,2000-06-06 00:00:00,2000-06-06 00:00:00,primary,certified,False,U.S. House,1,Nancy Keenan,,,,,Democrat,,Lewis & Clark,ocd-division/country:us/state:mt/county:lewis_and_clark,9529,,,,,2000
2016-01-30 15:57:28.232000,mt-2000-06-06-primary,2000-06-06 00:00:00,2000-06-06 00:00:00,primary,certified,False,U.S. House,1,Nancy Keenan,,,,,Democrat,,Lake,ocd-division/country:us/state:mt/county:lake,1738,,,,,2000
2016-01-30 15:57:28.232000,mt-2000-06-06-primary,2000-06-06 00:00:00,2000-06-06 00:00:00,primary,certified,False,U.S. House,1,Nancy Keenan,,,,,Democrat,,Judith Basin,ocd-division/country:us/state:mt/county:judith_basin,260,,,,,2000
2016-01-30 15:57:28.232000,mt-2000-06-06-primary,2000-06-06 00:00:00,2000-06-06 00:00:00,primary,certified,False,U.S. House,1,Nancy Keenan,,,,,Democrat,,Jefferson,ocd-division/country:us/state:mt/county:jefferson,1282,,,,,2000
2016-01-30 15:57:28.232000,mt-2000-06-06-primary,2000-06-06 00:00:00,2000-06-06 00:00:00,primary,certified,False,U.S. House,1,Nancy Keenan,,,,,Democrat,,Hill,ocd-division/country:us/state:mt/county:hill,2102,,,,,2000
2016-01-30 15:57:28.232000,mt-2000-06-06-primary,2000-06-06 00:00:00,2000-06-06 00:00:00,primary,certified,False,U.S. House,1,Nancy Keenan,,,,,Democrat,,Granite,ocd-division/country:us/state:mt/county:granite,215,,,,,2000
2016-01-30 15:57:28.232000,mt-2000-06-06-primary,2000-06-06 00:00:00,2000-06-06 00:00:00,primary,certified,False,U.S. House,1,Nancy Keenan,,,,,Democrat,,Golden Valley,ocd-division/country:us/state:mt/county:golden_valley,69,,,,,2000
2016-01-30 15:57:28.232000,mt-2000-06-06-primary,2000-06-06 00:00:00,2000-06-06 00:00:00,primary,certified,False,U.S. House,1,Nancy Keenan,,,,,Democrat,,Glacier,ocd-division/country:us/state:mt/county:glacier,1549,,,,,2000
2016-01-30 15:57:28.232000,mt-2000-06-06-primary,2000-06-06 00:00:00,2000-06-06 00:00:00,primary,certified,False,U.S. House,1,Nancy Keenan,,,,,Democrat,,Garfield,ocd-division/country:us/state:mt/county:garfield,56,,,,,2000
2016-01-30 15:57:28.232000,mt-2000-06-06-primary,2000-06-06 00:00:00,2000-06-06 00:00:00,primary,certified,False,U.S. House,1,Nancy Keenan,,,,,Democrat,,Gallatin,ocd-division/country:us/state:mt/county:gallatin,3633,,,,,2000
2016-01-30 15:57:28.232000,mt-2000-06-06-primary,2000-06-06 00:00:00,2000-06-06 00:00:00,primary,certified,False,U.S. House,1,Nancy Keenan,,,,,Democrat,,Flathead,ocd-division/country:us/state:mt/county:flathead,4309,,,,,2000
2016-01-30 15:57:28.232000,mt-2000-06-06-primary,2000-06-06 00:00:00,2000-06-06 00:00:00,primary,certified,False,U.S. House,1,Nancy Keenan,,,,,Democrat,,Fergus,ocd-division/country:us/state:mt/county:fergus,1043,,,,,2000
2016-01-30 15:57:28.232000,mt-2000-06-06-primary,2000-06-06 00:00:00,2000-06-06 00:00:00,primary,certified,False,U.S. House,1,Nancy Keenan,,,,,Democrat,,Fallon,ocd-division/country:us/state:mt/county:fallon,187,,,,,2000
2016-01-30 15:57:28.232000,mt-2000-06-06-primary,2000-06-06 00:00:00,2000-06-06 00:00:00,primary,certified,False,U.S. House,1,Nancy Keenan,,,,,Democrat,,Deer Lodge,ocd-division/country:us/state:mt/county:deer_lodge,2616,,,,,2000
2016-01-30 15:57:28.232000,mt-2000-06-06-primary,2000-06-06 00:00:00,2000-06-06 00:00:00,primary,certified,False,U.S. House,1,Nancy Keenan,,,,,Democrat,,Dawson,ocd-division/country:us/state:mt/county:dawson,748,,,,,2000
2016-01-30 15:57:28.232000,mt-2000-06-06-primary,2000-06-06 00:00:00,2000-06-06 00:00:00,primary,certified,False,U.S. House,1,Nancy Keenan,,,,,Democrat,,Daniels,ocd-division/country:us/state:mt/county:daniels,126,,,,,2000
2016-01-30 15:57:28.232000,mt-2000-06-06-primary,2000-06-06 00:00:00,2000-06-06 00:00:00,primary,certified,False,U.S. House,1,Nancy Keenan,,,,,Democrat,,Custer,ocd-division/country:us/state:mt/county:custer,1041,,,,,2000
2016-01-30 15:57:28.232000,mt-2000-06-06-primary,2000-06-06 00:00:00,2000-06-06 00:00:00,primary,certified,False,U.S. House,1,Nancy Keenan,,,,,Democrat,,Chouteau,ocd-division/country:us/state:mt/county:chouteau,456,,,,,2000
2016-01-30 15:57:28.232000,mt-2000-06-06-primary,2000-06-06 00:00:00,2000-06-06 00:00:00,primary,certified,False,U.S. House,1,Nancy Keenan,,,,,Democrat,,Cascade,ocd-division/country:us/state:mt/county:cascade,8612,,,,,2000
2016-01-30 15:57:28.232000,mt-2000-06-06-primary,2000-06-06 00:00:00,2000-06-06 00:00:00,primary,certified,False,U.S. House,1,Nancy Keenan,,,,,Democrat,,Carter,ocd-division/country:us/state:mt/county:carter,48,,,,,2000
2016-01-30 15:57:28.232000,mt-2000-06-06-primary,2000-06-06 00:00:00,2000-06-06 00:00:00,primary,certified,False,U.S. House,1,Nancy Keenan,,,,,Democrat,,Carbon,ocd-division/country:us/state:mt/county:carbon,872,,,,,2000
2016-01-30 15:57:28.232000,mt-2000-06-06-primary,2000-06-06 00:00:00,2000-06-06 00:00:00,primary,certified,False,U.S. House,1,Nancy Keenan,,,,,Democrat,,Broadwater,ocd-division/country:us/state:mt/county:broadwater,382,,,,,2000
2016-01-30 15:57:28.232000,mt-2000-06-06-primary,2000-06-06 00:00:00,2000-06-06 00:00:00,primary,certified,False,U.S. House,1,Nancy Keenan,,,,,Democrat,,Blaine,ocd-division/country:us/state:mt/county:blaine,635,,,,,2000
2016-01-30 15:57:28.232000,mt-2000-06-06-primary,2000-06-06 00:00:00,2000-06-06 00:00:00,primary,certified,False,U.S. House,1,Nancy Keenan,,,,,Democrat,,Big Horn,ocd-division/country:us/state:mt/county:big_horn,853,,,,,2000
2016-01-30 15:57:28.232000,mt-2000-06-06-primary,2000-06-06 00:00:00,2000-06-06 00:00:00,primary,certified,False,U.S. House,1,Nancy Keenan,,,,,Democrat,,Beaverhead,ocd-division/country:us/state:mt/county:beaverhead,398,,,,,2000
2016-01-30 15:57:28.232000,mt-2000-06-06-primary,2000-06-06 00:00:00,2000-06-06 00:00:00,primary,certified,False,U.S. Senate,,Conrad Burns,,,,,Republican,,Yellowstone,ocd-division/country:us/state:mt/county:yellowstone,12036,,,,,2000
2016-01-30 15:57:28.232000,mt-2000-06-06-primary,2000-06-06 00:00:00,2000-06-06 00:00:00,primary,certified,False,U.S. Senate,,Conrad Burns,,,,,Republican,,Wibaux,ocd-division/country:us/state:mt/county:wibaux,153,,,,,2000
2016-01-30 15:57:28.232000,mt-2000-06-06-primary,2000-06-06 00:00:00,2000-06-06 00:00:00,primary,certified,False,U.S. Senate,,Conrad Burns,,,,,Republican,,Wheatland,ocd-division/country:us/state:mt/county:wheatland,366,,,,,2000
2016-01-30 15:57:28.232000,mt-2000-06-06-primary,2000-06-06 00:00:00,2000-06-06 00:00:00,primary,certified,False,U.S. Senate,,Conrad Burns,,,,,Republican,,Valley,ocd-division/country:us/state:mt/county:valley,1302,,,,,2000
2016-01-30 15:57:28.232000,mt-2000-06-06-primary,2000-06-06 00:00:00,2000-06-06 00:00:00,primary,certified,False,U.S. Senate,,Conrad Burns,,,,,Republican,,Treasure,ocd-division/country:us/state:mt/county:treasure,171,,,,,2000
2016-01-30 15:57:28.232000,mt-2000-06-06-primary,2000-06-06 00:00:00,2000-06-06 00:00:00,primary,certified,False,U.S. Senate,,Conrad Burns,,,,,Republican,,Toole,ocd-division/country:us/state:mt/county:toole,887,,,,,2000
2016-01-30 15:57:28.232000,mt-2000-06-06-primary,2000-06-06 00:00:00,2000-06-06 00:00:00,primary,certified,False,U.S. Senate,,Conrad Burns,,,,,Republican,,Teton,ocd-division/country:us/state:mt/county:teton,1323,,,,,2000
2016-01-30 15:57:28.232000,mt-2000-06-06-primary,2000-06-06 00:00:00,2000-06-06 00:00:00,primary,certified,False,U.S. Senate,,Conrad Burns,,,,,Republican,,Sweet Grass,ocd-division/country:us/state:mt/county:sweet_grass,834,,,,,2000
2016-01-30 15:57:28.232000,mt-2000-06-06-primary,2000-06-06 00:00:00,2000-06-06 00:00:00,primary,certified,False,U.S. Senate,,Conrad Burns,,,,,Republican,,Stillwater,ocd-division/country:us/state:mt/county:stillwater,1242,,,,,2000
2016-01-30 15:57:28.232000,mt-2000-06-06-primary,2000-06-06 00:00:00,2000-06-06 00:00:00,primary,certified,False,U.S. Senate,,Conrad Burns,,,,,Republican,,Silver Bow,ocd-division/country:us/state:mt/county:silver_bow,2679,,,,,2000
2016-01-30 15:57:28.232000,mt-2000-06-06-primary,2000-06-06 00:00:00,2000-06-06 00:00:00,primary,certified,False,U.S. Senate,,Conrad Burns,,,,,Republican,,Sheridan,ocd-division/country:us/state:mt/county:sheridan,477,,,,,2000
2016-01-30 15:57:28.232000,mt-2000-06-06-primary,2000-06-06 00:00:00,2000-06-06 00:00:00,primary,certified,False,U.S. Senate,,Conrad Burns,,,,,Republican,,Sanders,ocd-division/country:us/state:mt/county:sanders,1317,,,,,2000
2016-01-30 15:57:28.232000,mt-2000-06-06-primary,2000-06-06 00:00:00,2000-06-06 00:00:00,primary,certified,False,U.S. Senate,,Conrad Burns,,,,,Republican,,Rosebud,ocd-division/country:us/state:mt/county:rosebud,644,,,,,2000
2016-01-30 15:57:28.232000,mt-2000-06-06-primary,2000-06-06 00:00:00,2000-06-06 00:00:00,primary,certified,False,U.S. Senate,,Conrad Burns,,,,,Republican,,Roosevelt,ocd-division/country:us/state:mt/county:roosevelt,574,,,,,2000
2016-01-30 15:57:28.232000,mt-2000-06-06-primary,2000-06-06 00:00:00,2000-06-06 00:00:00,primary,certified,False,U.S. Senate,,Conrad Burns,,,,,Republican,,Richland,ocd-division/country:us/state:mt/county:richland,1154,,,,,2000
2016-01-30 15:57:28.232000,mt-2000-06-06-primary,2000-06-06 00:00:00,2000-06-06 00:00:00,primary,certified,False,U.S. Senate,,Conrad Burns,,,,,Republican,,Ravalli,ocd-division/country:us/state:mt/county:ravalli,6185,,,,,2000
2016-01-30 15:57:28.232000,mt-2000-06-06-primary,2000-06-06 00:00:00,2000-06-06 00:00:00,primary,certified,False,U.S. Senate,,Conrad Burns,,,,,Republican,,Prairie,ocd-division/country:us/state:mt/county:prairie,406,,,,,2000
2016-01-30 15:57:28.232000,mt-2000-06-06-primary,2000-06-06 00:00:00,2000-06-06 00:00:00,primary,certified,False,U.S. Senate,,Conrad Burns,,,,,Republican,,Powell,ocd-division/country:us/state:mt/county:powell,936,,,,,2000
2016-01-30 15:57:28.232000,mt-2000-06-06-primary,2000-06-06 00:00:00,2000-06-06 00:00:00,primary,certified,False,U.S. Senate,,Conrad Burns,,,,,Republican,,Powder River,ocd-division/country:us/state:mt/county:powder_river,536,,,,,2000
2016-01-30 15:57:28.232000,mt-2000-06-06-primary,2000-06-06 00:00:00,2000-06-06 00:00:00,primary,certified,False,U.S. Senate,,Conrad Burns,,,,,Republican,,Pondera,ocd-division/country:us/state:mt/county:pondera,993,,,,,2000
2016-01-30 15:57:28.232000,mt-2000-06-06-primary,2000-06-06 00:00:00,2000-06-06 00:00:00,primary,certified,False,U.S. Senate,,Conrad Burns,,,,,Republican,,Phillips,ocd-division/country:us/state:mt/county:phillips,1134,,,,,2000
2016-01-30 15:57:28.232000,mt-2000-06-06-primary,2000-06-06 00:00:00,2000-06-06 00:00:00,primary,certified,False,U.S. Senate,,Conrad Burns,,,,,Republican,,Petroleum,ocd-division/country:us/state:mt/county:petroleum,129,,,,,2000
2016-01-30 15:57:28.232000,mt-2000-06-06-primary,2000-06-06 00:00:00,2000-06-06 00:00:00,primary,certified,False,U.S. Senate,,Conrad Burns,,,,,Republican,,Park,ocd-division/country:us/state:mt/county:park,2012,,,,,2000
2016-01-30 15:57:28.232000,mt-2000-06-06-primary,2000-06-06 00:00:00,2000-06-06 00:00:00,primary,certified,False,U.S. Senate,,Conrad Burns,,,,,Republican,,Musselshell,ocd-division/country:us/state:mt/county:musselshell,1012,,,,,2000
2016-01-30 15:57:28.232000,mt-2000-06-06-primary,2000-06-06 00:00:00,2000-06-06 00:00:00,primary,certified,False,U.S. Senate,,Conrad Burns,,,,,Republican,,Missoula,ocd-division/country:us/state:mt/county:missoula,7605,,,,,2000
2016-01-30 15:57:28.232000,mt-2000-06-06-primary,2000-06-06 00:00:00,2000-06-06 00:00:00,primary,certified,False,U.S. Senate,,Conrad Burns,,,,,Republican,,Mineral,ocd-division/country:us/state:mt/county:mineral,351,,,,,2000
2016-01-30 15:57:28.232000,mt-2000-06-06-primary,2000-06-06 00:00:00,2000-06-06 00:00:00,primary,certified,False,U.S. Senate,,Conrad Burns,,,,,Republican,,Meagher,ocd-division/country:us/state:mt/county:meagher,364,,,,,2000
2016-01-30 15:57:28.232000,mt-2000-06-06-primary,2000-06-06 00:00:00,2000-06-06 00:00:00,primary,certified,False,U.S. Senate,,Conrad Burns,,,,,Republican,,McCone,ocd-division/country:us/state:mt/county:mccone,424,,,,,2000
2016-01-30 15:57:28.232000,mt-2000-06-06-primary,2000-06-06 00:00:00,2000-06-06 00:00:00,primary,certified,False,U.S. Senate,,Conrad Burns,,,,,Republican,,Madison,ocd-division/country:us/state:mt/county:madison,1441,,,,,2000
2016-01-30 15:57:28.232000,mt-2000-06-06-primary,2000-06-06 00:00:00,2000-06-06 00:00:00,primary,certified,False,U.S. Senate,,Conrad Burns,,,,,Republican,,Lincoln,ocd-division/country:us/state:mt/county:lincoln,2232,,,,,2000
2016-01-30 15:57:28.232000,mt-2000-06-06-primary,2000-06-06 00:00:00,2000-06-06 00:00:00,primary,certified,False,U.S. Senate,,Conrad Burns,,,,,Republican,,Liberty,ocd-division/country:us/state:mt/county:liberty,447,,,,,2000
2016-01-30 15:57:28.232000,mt-2000-06-06-primary,2000-06-06 00:00:00,2000-06-06 00:00:00,primary,certified,False,U.S. Senate,,Conrad Burns,,,,,Republican,,Lewis & Clark,ocd-division/country:us/state:mt/county:lewis_and_clark,5449,,,,,2000
2016-01-30 15:57:28.232000,mt-2000-06-06-primary,2000-06-06 00:00:00,2000-06-06 00:00:00,primary,certified,False,U.S. Senate,,Conrad Burns,,,,,Republican,,Lake,ocd-division/country:us/state:mt/county:lake,3395,,,,,2000
2016-01-30 15:57:28.232000,mt-2000-06-06-primary,2000-06-06 00:00:00,2000-06-06 00:00:00,primary,certified,False,U.S. Senate,,Conrad Burns,,,,,Republican,,Judith Basin,ocd-division/country:us/state:mt/county:judith_basin,563,,,,,2000
2016-01-30 15:57:28.232000,mt-2000-06-06-primary,2000-06-06 00:00:00,2000-06-06 00:00:00,primary,certified,False,U.S. Senate,,Conrad Burns,,,,,Republican,,Jefferson,ocd-division/country:us/state:mt/county:jefferson,1530,,,,,2000
2016-01-30 15:57:28.232000,mt-2000-06-06-primary,2000-06-06 00:00:00,2000-06-06 00:00:00,primary,certified,False,U.S. Senate,,Conrad Burns,,,,,Republican,,Hill,ocd-division/country:us/state:mt/county:hill,1251,,,,,2000
2016-01-30 15:57:28.232000,mt-2000-06-06-primary,2000-06-06 00:00:00,2000-06-06 00:00:00,primary,certified,False,U.S. Senate,,Conrad Burns,,,,,Republican,,Granite,ocd-division/country:us/state:mt/county:granite,621,,,,,2000
2016-01-30 15:57:28.232000,mt-2000-06-06-primary,2000-06-06 00:00:00,2000-06-06 00:00:00,primary,certified,False,U.S. Senate,,Conrad Burns,,,,,Republican,,Golden Valley,ocd-division/country:us/state:mt/county:golden_valley,231,,,,,2000
2016-01-30 15:57:28.232000,mt-2000-06-06-primary,2000-06-06 00:00:00,2000-06-06 00:00:00,primary,certified,False,U.S. Senate,,Conrad Burns,,,,,Republican,,Glacier,ocd-division/country:us/state:mt/county:glacier,565,,,,,2000
2016-01-30 15:57:28.232000,mt-2000-06-06-primary,2000-06-06 00:00:00,2000-06-06 00:00:00,primary,certified,False,U.S. Senate,,Conrad Burns,,,,,Republican,,Garfield,ocd-division/country:us/state:mt/county:garfield,378,,,,,2000
2016-01-30 15:57:28.232000,mt-2000-06-06-primary,2000-06-06 00:00:00,2000-06-06 00:00:00,primary,certified,False,U.S. Senate,,Conrad Burns,,,,,Republican,,Gallatin,ocd-division/country:us/state:mt/county:gallatin,6638,,,,,2000
2016-01-30 15:57:28.232000,mt-2000-06-06-primary,2000-06-06 00:00:00,2000-06-06 00:00:00,primary,certified,False,U.S. Senate,,Conrad Burns,,,,,Republican,,Flathead,ocd-division/country:us/state:mt/county:flathead,9196,,,,,2000
2016-01-30 15:57:28.232000,mt-2000-06-06-primary,2000-06-06 00:00:00,2000-06-06 00:00:00,primary,certified,False,U.S. Senate,,Conrad Burns,,,,,Republican,,Fergus,ocd-division/country:us/state:mt/county:fergus,2515,,,,,2000
2016-01-30 15:57:28.232000,mt-2000-06-06-primary,2000-06-06 00:00:00,2000-06-06 00:00:00,primary,certified,False,U.S. Senate,,Conrad Burns,,,,,Republican,,Fallon,ocd-division/country:us/state:mt/county:fallon,619,,,,,2000
2016-01-30 15:57:28.232000,mt-2000-06-06-primary,2000-06-06 00:00:00,2000-06-06 00:00:00,primary,certified,False,U.S. Senate,,Conrad Burns,,,,,Republican,,Deer Lodge,ocd-division/country:us/state:mt/county:deer_lodge,590,,,,,2000
2016-01-30 15:57:28.232000,mt-2000-06-06-primary,2000-06-06 00:00:00,2000-06-06 00:00:00,primary,certified,False,U.S. Senate,,Conrad Burns,,,,,Republican,,Dawson,ocd-division/country:us/state:mt/county:dawson,1423,,,,,2000
2016-01-30 15:57:28.232000,mt-2000-06-06-primary,2000-06-06 00:00:00,2000-06-06 00:00:00,primary,certified,False,U.S. Senate,,Conrad Burns,,,,,Republican,,Daniels,ocd-division/country:us/state:mt/county:daniels,478,,,,,2000
2016-01-30 15:57:28.232000,mt-2000-06-06-primary,2000-06-06 00:00:00,2000-06-06 00:00:00,primary,certified,False,U.S. Senate,,Conrad Burns,,,,,Republican,,Custer,ocd-division/country:us/state:mt/county:custer,1370,,,,,2000
2016-01-30 15:57:28.232000,mt-2000-06-06-primary,2000-06-06 00:00:00,2000-06-06 00:00:00,primary,certified,False,U.S. Senate,,Conrad Burns,,,,,Republican,,Chouteau,ocd-division/country:us/state:mt/county:chouteau,1297,,,,,2000
2016-01-30 15:57:28.232000,mt-2000-06-06-primary,2000-06-06 00:00:00,2000-06-06 00:00:00,primary,certified,False,U.S. Senate,,Conrad Burns,,,,,Republican,,Cascade,ocd-division/country:us/state:mt/county:cascade,6939,,,,,2000
2016-01-30 15:57:28.232000,mt-2000-06-06-primary,2000-06-06 00:00:00,2000-06-06 00:00:00,primary,certified,False,U.S. Senate,,Conrad Burns,,,,,Republican,,Carter,ocd-division/country:us/state:mt/county:carter,453,,,,,2000
2016-01-30 15:57:28.232000,mt-2000-06-06-primary,2000-06-06 00:00:00,2000-06-06 00:00:00,primary,certified,False,U.S. Senate,,Conrad Burns,,,,,Republican,,Carbon,ocd-division/country:us/state:mt/county:carbon,1327,,,,,2000
2016-01-30 15:57:28.232000,mt-2000-06-06-primary,2000-06-06 00:00:00,2000-06-06 00:00:00,primary,certified,False,U.S. Senate,,Conrad Burns,,,,,Republican,,Broadwater,ocd-division/country:us/state:mt/county:broadwater,682,,,,,2000
2016-01-30 15:57:28.232000,mt-2000-06-06-primary,2000-06-06 00:00:00,2000-06-06 00:00:00,primary,certified,False,U.S. Senate,,Conrad Burns,,,,,Republican,,Blaine,ocd-division/country:us/state:mt/county:blaine,616,,,,,2000
2016-01-30 15:57:28.232000,mt-2000-06-06-primary,2000-06-06 00:00:00,2000-06-06 00:00:00,primary,certified,False,U.S. Senate,,Conrad Burns,,,,,Republican,,Big Horn,ocd-division/country:us/state:mt/county:big_horn,749,,,,,2000
2016-01-30 15:57:28.232000,mt-2000-06-06-primary,2000-06-06 00:00:00,2000-06-06 00:00:00,primary,certified,False,U.S. Senate,,Conrad Burns,,,,,Republican,,Beaverhead,ocd-division/country:us/state:mt/county:beaverhead,1884,,,,,2000
2016-01-30 15:57:28.232000,mt-2000-06-06-primary,2000-06-06 00:00:00,2000-06-06 00:00:00,primary,certified,False,U.S. Senate,,Sam Rankin,,,,,Reform,,Yellowstone,ocd-division/country:us/state:mt/county:yellowstone,88,,,,,2000
2016-01-30 15:57:28.232000,mt-2000-06-06-primary,2000-06-06 00:00:00,2000-06-06 00:00:00,primary,certified,False,U.S. Senate,,Sam Rankin,,,,,Reform,,Wibaux,ocd-division/country:us/state:mt/county:wibaux,0,,,,,2000
2016-01-30 15:57:28.232000,mt-2000-06-06-primary,2000-06-06 00:00:00,2000-06-06 00:00:00,primary,certified,False,U.S. Senate,,Sam Rankin,,,,,Reform,,Wheatland,ocd-division/country:us/state:mt/county:wheatland,2,,,,,2000
2016-01-30 15:57:28.232000,mt-2000-06-06-primary,2000-06-06 00:00:00,2000-06-06 00:00:00,primary,certified,False,U.S. Senate,,Sam Rankin,,,,,Reform,,Valley,ocd-division/country:us/state:mt/county:valley,20,,,,,2000
2016-01-30 15:57:28.232000,mt-2000-06-06-primary,2000-06-06 00:00:00,2000-06-06 00:00:00,primary,certified,False,U.S. Senate,,Sam Rankin,,,,,Reform,,Treasure,ocd-division/country:us/state:mt/county:treasure,2,,,,,2000
2016-01-30 15:57:28.232000,mt-2000-06-06-primary,2000-06-06 00:00:00,2000-06-06 00:00:00,primary,certified,False,U.S. Senate,,Sam Rankin,,,,,Reform,,Toole,ocd-division/country:us/state:mt/county:toole,4,,,,,2000
2016-01-30 15:57:28.232000,mt-2000-06-06-primary,2000-06-06 00:00:00,2000-06-06 00:00:00,primary,certified,False,U.S. Senate,,Sam Rankin,,,,,Reform,,Teton,ocd-division/country:us/state:mt/county:teton,6,,,,,2000
2016-01-30 15:57:28.232000,mt-2000-06-06-primary,2000-06-06 00:00:00,2000-06-06 00:00:00,primary,certified,False,U.S. Senate,,Sam Rankin,,,,,Reform,,Sweet Grass,ocd-division/country:us/state:mt/county:sweet_grass,3,,,,,2000
2016-01-30 15:57:28.232000,mt-2000-06-06-primary,2000-06-06 00:00:00,2000-06-06 00:00:00,primary,certified,False,U.S. Senate,,Sam Rankin,,,,,Reform,,Stillwater,ocd-division/country:us/state:mt/county:stillwater,10,,,,,2000
2016-01-30 15:57:28.232000,mt-2000-06-06-primary,2000-06-06 00:00:00,2000-06-06 00:00:00,primary,certified,False,U.S. Senate,,Sam Rankin,,,,,Reform,,Silver Bow,ocd-division/country:us/state:mt/county:silver_bow,106,,,,,2000
2016-01-30 15:57:28.232000,mt-2000-06-06-primary,2000-06-06 00:00:00,2000-06-06 00:00:00,primary,certified,False,U.S. Senate,,Sam Rankin,,,,,Reform,,Sheridan,ocd-division/country:us/state:mt/county:sheridan,7,,,,,2000
2016-01-30 15:57:28.232000,mt-2000-06-06-primary,2000-06-06 00:00:00,2000-06-06 00:00:00,primary,certified,False,U.S. Senate,,Sam Rankin,,,,,Reform,,Sanders,ocd-division/country:us/state:mt/county:sanders,33,,,,,2000
2016-01-30 15:57:28.232000,mt-2000-06-06-primary,2000-06-06 00:00:00,2000-06-06 00:00:00,primary,certified,False,U.S. Senate,,Sam Rankin,,,,,Reform,,Rosebud,ocd-division/country:us/state:mt/county:rosebud,16,,,,,2000
2016-01-30 15:57:28.232000,mt-2000-06-06-primary,2000-06-06 00:00:00,2000-06-06 00:00:00,primary,certified,False,U.S. Senate,,Sam Rankin,,,,,Reform,,Roosevelt,ocd-division/country:us/state:mt/county:roosevelt,7,,,,,2000
2016-01-30 15:57:28.232000,mt-2000-06-06-primary,2000-06-06 00:00:00,2000-06-06 00:00:00,primary,certified,False,U.S. Senate,,Sam Rankin,,,,,Reform,,Richland,ocd-division/country:us/state:mt/county:richland,5,,,,,2000
2016-01-30 15:57:28.232000,mt-2000-06-06-primary,2000-06-06 00:00:00,2000-06-06 00:00:00,primary,certified,False,U.S. Senate,,Sam Rankin,,,,,Reform,,Ravalli,ocd-division/country:us/state:mt/county:ravalli,22,,,,,2000
2016-01-30 15:57:28.232000,mt-2000-06-06-primary,2000-06-06 00:00:00,2000-06-06 00:00:00,primary,certified,False,U.S. Senate,,Sam Rankin,,,,,Reform,,Prairie,ocd-division/country:us/state:mt/county:prairie,3,,,,,2000
2016-01-30 15:57:28.232000,mt-2000-06-06-primary,2000-06-06 00:00:00,2000-06-06 00:00:00,primary,certified,False,U.S. Senate,,Sam Rankin,,,,,Reform,,Powell,ocd-division/country:us/state:mt/county:powell,2,,,,,2000
2016-01-30 15:57:28.232000,mt-2000-06-06-primary,2000-06-06 00:00:00,2000-06-06 00:00:00,primary,certified,False,U.S. Senate,,Sam Rankin,,,,,Reform,,Powder River,ocd-division/country:us/state:mt/county:powder_river,1,,,,,2000
2016-01-30 15:57:28.232000,mt-2000-06-06-primary,2000-06-06 00:00:00,2000-06-06 00:00:00,primary,certified,False,U.S. Senate,,Sam Rankin,,,,,Reform,,Pondera,ocd-division/country:us/state:mt/county:pondera,5,,,,,2000
2016-01-30 15:57:28.232000,mt-2000-06-06-primary,2000-06-06 00:00:00,2000-06-06 00:00:00,primary,certified,False,U.S. Senate,,Sam Rankin,,,,,Reform,,Phillips,ocd-division/country:us/state:mt/county:phillips,0,,,,,2000
2016-01-30 15:57:28.232000,mt-2000-06-06-primary,2000-06-06 00:00:00,2000-06-06 00:00:00,primary,certified,False,U.S. Senate,,Sam Rankin,,,,,Reform,,Petroleum,ocd-division/country:us/state:mt/county:petroleum,1,,,,,2000
2016-01-30 15:57:28.232000,mt-2000-06-06-primary,2000-06-06 00:00:00,2000-06-06 00:00:00,primary,certified,False,U.S. Senate,,Sam Rankin,,,,,Reform,,Park,ocd-division/country:us/state:mt/county:park,35,,,,,2000
2016-01-30 15:57:28.232000,mt-2000-06-06-primary,2000-06-06 00:00:00,2000-06-06 00:00:00,primary,certified,False,U.S. Senate,,Sam Rankin,,,,,Reform,,Musselshell,ocd-division/country:us/state:mt/county:musselshell,8,,,,,2000
2016-01-30 15:57:28.232000,mt-2000-06-06-primary,2000-06-06 00:00:00,2000-06-06 00:00:00,primary,certified,False,U.S. Senate,,Sam Rankin,,,,,Reform,,Missoula,ocd-division/country:us/state:mt/county:missoula,83,,,,,2000
2016-01-30 15:57:28.232000,mt-2000-06-06-primary,2000-06-06 00:00:00,2000-06-06 00:00:00,primary,certified,False,U.S. Senate,,Sam Rankin,,,,,Reform,,Mineral,ocd-division/country:us/state:mt/county:mineral,13,,,,,2000
2016-01-30 15:57:28.232000,mt-2000-06-06-primary,2000-06-06 00:00:00,2000-06-06 00:00:00,primary,certified,False,U.S. Senate,,Sam Rankin,,,,,Reform,,Meagher,ocd-division/country:us/state:mt/county:meagher,1,,,,,2000
2016-01-30 15:57:28.232000,mt-2000-06-06-primary,2000-06-06 00:00:00,2000-06-06 00:00:00,primary,certified,False,U.S. Senate,,Sam Rankin,,,,,Reform,,McCone,ocd-division/country:us/state:mt/county:mccone,2,,,,,2000
2016-01-30 15:57:28.232000,mt-2000-06-06-primary,2000-06-06 00:00:00,2000-06-06 00:00:00,primary,certified,False,U.S. Senate,,Sam Rankin,,,,,Reform,,Madison,ocd-division/country:us/state:mt/county:madison,19,,,,,2000
2016-01-30 15:57:28.232000,mt-2000-06-06-primary,2000-06-06 00:00:00,2000-06-06 00:00:00,primary,certified,False,U.S. Senate,,Sam Rankin,,,,,Reform,,Lincoln,ocd-division/country:us/state:mt/county:lincoln,57,,,,,2000
2016-01-30 15:57:28.232000,mt-2000-06-06-primary,2000-06-06 00:00:00,2000-06-06 00:00:00,primary,certified,False,U.S. Senate,,Sam Rankin,,,,,Reform,,Liberty,ocd-division/country:us/state:mt/county:liberty,4,,,,,2000
2016-01-30 15:57:28.232000,mt-2000-06-06-primary,2000-06-06 00:00:00,2000-06-06 00:00:00,primary,certified,False,U.S. Senate,,Sam Rankin,,,,,Reform,,Lewis & Clark,ocd-division/country:us/state:mt/county:lewis_and_clark,117,,,,,2000
2016-01-30 15:57:28.232000,mt-2000-06-06-primary,2000-06-06 00:00:00,2000-06-06 00:00:00,primary,certified,False,U.S. Senate,,Sam Rankin,,,,,Reform,,Lake,ocd-division/country:us/state:mt/county:lake,21,,,,,2000
2016-01-30 15:57:28.232000,mt-2000-06-06-primary,2000-06-06 00:00:00,2000-06-06 00:00:00,primary,certified,False,U.S. Senate,,Sam Rankin,,,,,Reform,,Judith Basin,ocd-division/country:us/state:mt/county:judith_basin,2,,,,,2000
2016-01-30 15:57:28.232000,mt-2000-06-06-primary,2000-06-06 00:00:00,2000-06-06 00:00:00,primary,certified,False,U.S. Senate,,Sam Rankin,,,,,Reform,,Jefferson,ocd-division/country:us/state:mt/county:jefferson,20,,,,,2000
2016-01-30 15:57:28.232000,mt-2000-06-06-primary,2000-06-06 00:00:00,2000-06-06 00:00:00,primary,certified,False,U.S. Senate,,Sam Rankin,,,,,Reform,,Hill,ocd-division/country:us/state:mt/county:hill,16,,,,,2000
2016-01-30 15:57:28.232000,mt-2000-06-06-primary,2000-06-06 00:00:00,2000-06-06 00:00:00,primary,certified,False,U.S. Senate,,Sam Rankin,,,,,Reform,,Granite,ocd-division/country:us/state:mt/county:granite,0,,,,,2000
2016-01-30 15:57:28.232000,mt-2000-06-06-primary,2000-06-06 00:00:00,2000-06-06 00:00:00,primary,certified,False,U.S. Senate,,Sam Rankin,,,,,Reform,,Golden Valley,ocd-division/country:us/state:mt/county:golden_valley,1,,,,,2000
2016-01-30 15:57:28.232000,mt-2000-06-06-primary,2000-06-06 00:00:00,2000-06-06 00:00:00,primary,certified,False,U.S. Senate,,Sam Rankin,,,,,Reform,,Glacier,ocd-division/country:us/state:mt/county:glacier,5,,,,,2000
2016-01-30 15:57:28.232000,mt-2000-06-06-primary,2000-06-06 00:00:00,2000-06-06 00:00:00,primary,certified,False,U.S. Senate,,Sam Rankin,,,,,Reform,,Garfield,ocd-division/country:us/state:mt/county:garfield,1,,,,,2000
2016-01-30 15:57:28.232000,mt-2000-06-06-primary,2000-06-06 00:00:00,2000-06-06 00:00:00,primary,certified,False,U.S. Senate,,Sam Rankin,,,,,Reform,,Gallatin,ocd-division/country:us/state:mt/county:gallatin,33,,,,,2000
2016-01-30 15:57:28.232000,mt-2000-06-06-primary,2000-06-06 00:00:00,2000-06-06 00:00:00,primary,certified,False,U.S. Senate,,Sam Rankin,,,,,Reform,,Flathead,ocd-division/country:us/state:mt/county:flathead,80,,,,,2000
2016-01-30 15:57:28.232000,mt-2000-06-06-primary,2000-06-06 00:00:00,2000-06-06 00:00:00,primary,certified,False,U.S. Senate,,Sam Rankin,,,,,Reform,,Fergus,ocd-division/country:us/state:mt/county:fergus,18,,,,,2000
2016-01-30 15:57:28.232000,mt-2000-06-06-primary,2000-06-06 00:00:00,2000-06-06 00:00:00,primary,certified,False,U.S. Senate,,Sam Rankin,,,,,Reform,,Fallon,ocd-division/country:us/state:mt/county:fallon,3,,,,,2000
2016-01-30 15:57:28.232000,mt-2000-06-06-primary,2000-06-06 00:00:00,2000-06-06 00:00:00,primary,certified,False,U.S. Senate,,Sam Rankin,,,,,Reform,,Deer Lodge,ocd-division/country:us/state:mt/county:deer_lodge,32,,,,,2000
2016-01-30 15:57:28.232000,mt-2000-06-06-primary,2000-06-06 00:00:00,2000-06-06 00:00:00,primary,certified,False,U.S. Senate,,Sam Rankin,,,,,Reform,,Dawson,ocd-division/country:us/state:mt/county:dawson,4,,,,,2000
2016-01-30 15:57:28.232000,mt-2000-06-06-primary,2000-06-06 00:00:00,2000-06-06 00:00:00,primary,certified,False,U.S. Senate,,Sam Rankin,,,,,Reform,,Daniels,ocd-division/country:us/state:mt/county:daniels,2,,,,,2000
2016-01-30 15:57:28.232000,mt-2000-06-06-primary,2000-06-06 00:00:00,2000-06-06 00:00:00,primary,certified,False,U.S. Senate,,Sam Rankin,,,,,Reform,,Custer,ocd-division/country:us/state:mt/county:custer,16,,,,,2000
2016-01-30 15:57:28.232000,mt-2000-06-06-primary,2000-06-06 00:00:00,2000-06-06 00:00:00,primary,certified,False,U.S. Senate,,Sam Rankin,,,,,Reform,,Chouteau,ocd-division/country:us/state:mt/county:chouteau,6,,,,,2000
2016-01-30 15:57:28.232000,mt-2000-06-06-primary,2000-06-06 00:00:00,2000-06-06 00:00:00,primary,certified,False,U.S. Senate,,Sam Rankin,,,,,Reform,,Cascade,ocd-division/country:us/state:mt/county:cascade,76,,,,,2000
2016-01-30 15:57:28.232000,mt-2000-06-06-primary,2000-06-06 00:00:00,2000-06-06 00:00:00,primary,certified,False,U.S. Senate,,Sam Rankin,,,,,Reform,,Carter,ocd-division/country:us/state:mt/county:carter,0,,,,,2000
2016-01-30 15:57:28.232000,mt-2000-06-06-primary,2000-06-06 00:00:00,2000-06-06 00:00:00,primary,certified,False,U.S. Senate,,Sam Rankin,,,,,Reform,,Carbon,ocd-division/country:us/state:mt/county:carbon,14,,,,,2000
2016-01-30 15:57:28.232000,mt-2000-06-06-primary,2000-06-06 00:00:00,2000-06-06 00:00:00,primary,certified,False,U.S. Senate,,Sam Rankin,,,,,Reform,,Broadwater,ocd-division/country:us/state:mt/county:broadwater,61,,,,,2000
2016-01-30 15:57:28.232000,mt-2000-06-06-primary,2000-06-06 00:00:00,2000-06-06 00:00:00,primary,certified,False,U.S. Senate,,Sam Rankin,,,,,Reform,,Blaine,ocd-division/country:us/state:mt/county:blaine,8,,,,,2000
2016-01-30 15:57:28.232000,mt-2000-06-06-primary,2000-06-06 00:00:00,2000-06-06 00:00:00,primary,certified,False,U.S. Senate,,Sam Rankin,,,,,Reform,,Big Horn,ocd-division/country:us/state:mt/county:big_horn,5,,,,,2000
2016-01-30 15:57:28.232000,mt-2000-06-06-primary,2000-06-06 00:00:00,2000-06-06 00:00:00,primary,certified,False,U.S. Senate,,Sam Rankin,,,,,Reform,,Beaverhead,ocd-division/country:us/state:mt/county:beaverhead,4,,,,,2000
2016-01-30 15:57:28.232000,mt-2000-06-06-primary,2000-06-06 00:00:00,2000-06-06 00:00:00,primary,certified,False,U.S. Senate,,Brian Schweitzer,,,,,Democrat,,Yellowstone,ocd-division/country:us/state:mt/county:yellowstone,7556,,,,,2000
2016-01-30 15:57:28.232000,mt-2000-06-06-primary,2000-06-06 00:00:00,2000-06-06 00:00:00,primary,certified,False,U.S. Senate,,Brian Schweitzer,,,,,Democrat,,Wibaux,ocd-division/country:us/state:mt/county:wibaux,80,,,,,2000
2016-01-30 15:57:28.232000,mt-2000-06-06-primary,2000-06-06 00:00:00,2000-06-06 00:00:00,primary,certified,False,U.S. Senate,,Brian Schweitzer,,,,,Democrat,,Wheatland,ocd-division/country:us/state:mt/county:wheatland,88,,,,,2000
2016-01-30 15:57:28.232000,mt-2000-06-06-primary,2000-06-06 00:00:00,2000-06-06 00:00:00,primary,certified,False,U.S. Senate,,Brian Schweitzer,,,,,Democrat,,Valley,ocd-division/country:us/state:mt/county:valley,652,,,,,2000
2016-01-30 15:57:28.232000,mt-2000-06-06-primary,2000-06-06 00:00:00,2000-06-06 00:00:00,primary,certified,False,U.S. Senate,,Brian Schweitzer,,,,,Democrat,,Treasure,ocd-division/country:us/state:mt/county:treasure,78,,,,,2000
2016-01-30 15:57:28.232000,mt-2000-06-06-primary,2000-06-06 00:00:00,2000-06-06 00:00:00,primary,certified,False,U.S. Senate,,Brian Schweitzer,,,,,Democrat,,Toole,ocd-division/country:us/state:mt/county:toole,350,,,,,2000
2016-01-30 15:57:28.232000,mt-2000-06-06-primary,2000-06-06 00:00:00,2000-06-06 00:00:00,primary,certified,False,U.S. Senate,,Brian Schweitzer,,,,,Democrat,,Teton,ocd-division/country:us/state:mt/county:teton,463,,,,,2000
2016-01-30 15:57:28.232000,mt-2000-06-06-primary,2000-06-06 00:00:00,2000-06-06 00:00:00,primary,certified,False,U.S. Senate,,Brian Schweitzer,,,,,Democrat,,Sweet Grass,ocd-division/country:us/state:mt/county:sweet_grass,109,,,,,2000
2016-01-30 15:57:28.232000,mt-2000-06-06-primary,2000-06-06 00:00:00,2000-06-06 00:00:00,primary,certified,False,U.S. Senate,,Brian Schweitzer,,,,,Democrat,,Stillwater,ocd-division/country:us/state:mt/county:stillwater,446,,,,,2000
2016-01-30 15:57:28.232000,mt-2000-06-06-primary,2000-06-06 00:00:00,2000-06-06 00:00:00,primary,certified,False,U.S. Senate,,Brian Schweitzer,,,,,Democrat,,Silver Bow,ocd-division/country:us/state:mt/county:silver_bow,4736,,,,,2000
2016-01-30 15:57:28.232000,mt-2000-06-06-primary,2000-06-06 00:00:00,2000-06-06 00:00:00,primary,certified,False,U.S. Senate,,Brian Schweitzer,,,,,Democrat,,Sheridan,ocd-division/country:us/state:mt/county:sheridan,242,,,,,2000
2016-01-30 15:57:28.232000,mt-2000-06-06-primary,2000-06-06 00:00:00,2000-06-06 00:00:00,primary,certified,False,U.S. Senate,,Brian Schweitzer,,,,,Democrat,,Sanders,ocd-division/country:us/state:mt/county:sanders,476,,,,,2000
2016-01-30 15:57:28.232000,mt-2000-06-06-primary,2000-06-06 00:00:00,2000-06-06 00:00:00,primary,certified,False,U.S. Senate,,Brian Schweitzer,,,,,Democrat,,Rosebud,ocd-division/country:us/state:mt/county:rosebud,482,,,,,2000
2016-01-30 15:57:28.232000,mt-2000-06-06-primary,2000-06-06 00:00:00,2000-06-06 00:00:00,primary,certified,False,U.S. Senate,,Brian Schweitzer,,,,,Democrat,,Roosevelt,ocd-division/country:us/state:mt/county:roosevelt,560,,,,,2000
2016-01-30 15:57:28.232000,mt-2000-06-06-primary,2000-06-06 00:00:00,2000-06-06 00:00:00,primary,certified,False,U.S. Senate,,Brian Schweitzer,,,,,Democrat,,Richland,ocd-division/country:us/state:mt/county:richland,343,,,,,2000
2016-01-30 15:57:28.232000,mt-2000-06-06-primary,2000-06-06 00:00:00,2000-06-06 00:00:00,primary,certified,False,U.S. Senate,,Brian Schweitzer,,,,,Democrat,,Ravalli,ocd-division/country:us/state:mt/county:ravalli,1361,,,,,2000
2016-01-30 15:57:28.232000,mt-2000-06-06-primary,2000-06-06 00:00:00,2000-06-06 00:00:00,primary,certified,False,U.S. Senate,,Brian Schweitzer,,,,,Democrat,,Prairie,ocd-division/country:us/state:mt/county:prairie,56,,,,,2000
2016-01-30 15:57:28.232000,mt-2000-06-06-primary,2000-06-06 00:00:00,2000-06-06 00:00:00,primary,certified,False,U.S. Senate,,Brian Schweitzer,,,,,Democrat,,Powell,ocd-division/country:us/state:mt/county:powell,298,,,,,2000
2016-01-30 15:57:28.232000,mt-2000-06-06-primary,2000-06-06 00:00:00,2000-06-06 00:00:00,primary,certified,False,U.S. Senate,,Brian Schweitzer,,,,,Democrat,,Powder River,ocd-division/country:us/state:mt/county:powder_river,23,,,,,2000
2016-01-30 15:57:28.232000,mt-2000-06-06-primary,2000-06-06 00:00:00,2000-06-06 00:00:00,primary,certified,False,U.S. Senate,,Brian Schweitzer,,,,,Democrat,,Pondera,ocd-division/country:us/state:mt/county:pondera,578,,,,,2000
2016-01-30 15:57:28.232000,mt-2000-06-06-primary,2000-06-06 00:00:00,2000-06-06 00:00:00,primary,certified,False,U.S. Senate,,Brian Schweitzer,,,,,Democrat,,Phillips,ocd-division/country:us/state:mt/county:phillips,155,,,,,2000
2016-01-30 15:57:28.232000,mt-2000-06-06-primary,2000-06-06 00:00:00,2000-06-06 00:00:00,primary,certified,False,U.S. Senate,,Brian Schweitzer,,,,,Democrat,,Petroleum,ocd-division/country:us/state:mt/county:petroleum,28,,,,,2000
2016-01-30 15:57:28.232000,mt-2000-06-06-primary,2000-06-06 00:00:00,2000-06-06 00:00:00,primary,certified,False,U.S. Senate,,Brian Schweitzer,,,,,Democrat,,Park,ocd-division/country:us/state:mt/county:park,695,,,,,2000
2016-01-30 15:57:28.232000,mt-2000-06-06-primary,2000-06-06 00:00:00,2000-06-06 00:00:00,primary,certified,False,U.S. Senate,,Brian Schweitzer,,,,,Democrat,,Musselshell,ocd-division/country:us/state:mt/county:musselshell,222,,,,,2000
2016-01-30 15:57:28.232000,mt-2000-06-06-primary,2000-06-06 00:00:00,2000-06-06 00:00:00,primary,certified,False,U.S. Senate,,Brian Schweitzer,,,,,Democrat,,Missoula,ocd-division/country:us/state:mt/county:missoula,7329,,,,,2000
2016-01-30 15:57:28.232000,mt-2000-06-06-primary,2000-06-06 00:00:00,2000-06-06 00:00:00,primary,certified,False,U.S. Senate,,Brian Schweitzer,,,,,Democrat,,Mineral,ocd-division/country:us/state:mt/county:mineral,229,,,,,2000
2016-01-30 15:57:28.232000,mt-2000-06-06-primary,2000-06-06 00:00:00,2000-06-06 00:00:00,primary,certified,False,U.S. Senate,,Brian Schweitzer,,,,,Democrat,,Meagher,ocd-division/country:us/state:mt/county:meagher,87,,,,,2000
2016-01-30 15:57:28.232000,mt-2000-06-06-primary,2000-06-06 00:00:00,2000-06-06 00:00:00,primary,certified,False,U.S. Senate,,Brian Schweitzer,,,,,Democrat,,McCone,ocd-division/country:us/state:mt/county:mccone,162,,,,,2000
2016-01-30 15:57:28.232000,mt-2000-06-06-primary,2000-06-06 00:00:00,2000-06-06 00:00:00,primary,certified,False,U.S. Senate,,Brian Schweitzer,,,,,Democrat,,Madison,ocd-division/country:us/state:mt/county:madison,291,,,,,2000
2016-01-30 15:57:28.232000,mt-2000-06-06-primary,2000-06-06 00:00:00,2000-06-06 00:00:00,primary,certified,False,U.S. Senate,,Brian Schweitzer,,,,,Democrat,,Lincoln,ocd-division/country:us/state:mt/county:lincoln,721,,,,,2000
2016-01-30 15:57:28.232000,mt-2000-06-06-primary,2000-06-06 00:00:00,2000-06-06 00:00:00,primary,certified,False,U.S. Senate,,Brian Schweitzer,,,,,Democrat,,Liberty,ocd-division/country:us/state:mt/county:liberty,156,,,,,2000
2016-01-30 15:57:28.232000,mt-2000-06-06-primary,2000-06-06 00:00:00,2000-06-06 00:00:00,primary,certified,False,U.S. Senate,,Brian Schweitzer,,,,,Democrat,,Lewis & Clark,ocd-division/country:us/state:mt/county:lewis_and_clark,6509,,,,,2000
2016-01-30 15:57:28.232000,mt-2000-06-06-primary,2000-06-06 00:00:00,2000-06-06 00:00:00,primary,certified,False,U.S. Senate,,Brian Schweitzer,,,,,Democrat,,Lake,ocd-division/country:us/state:mt/county:lake,1183,,,,,2000
2016-01-30 15:57:28.232000,mt-2000-06-06-primary,2000-06-06 00:00:00,2000-06-06 00:00:00,primary,certified,False,U.S. Senate,,Brian Schweitzer,,,,,Democrat,,Judith Basin,ocd-division/country:us/state:mt/county:judith_basin,224,,,,,2000
2016-01-30 15:57:28.232000,mt-2000-06-06-primary,2000-06-06 00:00:00,2000-06-06 00:00:00,primary,certified,False,U.S. Senate,,Brian Schweitzer,,,,,Democrat,,Jefferson,ocd-division/country:us/state:mt/county:jefferson,827,,,,,2000
2016-01-30 15:57:28.232000,mt-2000-06-06-primary,2000-06-06 00:00:00,2000-06-06 00:00:00,primary,certified,False,U.S. Senate,,Brian Schweitzer,,,,,Democrat,,Hill,ocd-division/country:us/state:mt/county:hill,1489,,,,,2000
2016-01-30 15:57:28.232000,mt-2000-06-06-primary,2000-06-06 00:00:00,2000-06-06 00:00:00,primary,certified,False,U.S. Senate,,Brian Schweitzer,,,,,Democrat,,Granite,ocd-division/country:us/state:mt/county:granite,111,,,,,2000
2016-01-30 15:57:28.232000,mt-2000-06-06-primary,2000-06-06 00:00:00,2000-06-06 00:00:00,primary,certified,False,U.S. Senate,,Brian Schweitzer,,,,,Democrat,,Golden Valley,ocd-division/country:us/state:mt/county:golden_valley,56,,,,,2000
2016-01-30 15:57:28.232000,mt-2000-06-06-primary,2000-06-06 00:00:00,2000-06-06 00:00:00,primary,certified,False,U.S. Senate,,Brian Schweitzer,,,,,Democrat,,Glacier,ocd-division/country:us/state:mt/county:glacier,964,,,,,2000
2016-01-30 15:57:28.232000,mt-2000-06-06-primary,2000-06-06 00:00:00,2000-06-06 00:00:00,primary,certified,False,U.S. Senate,,Brian Schweitzer,,,,,Democrat,,Garfield,ocd-division/country:us/state:mt/county:garfield,45,,,,,2000
2016-01-30 15:57:28.232000,mt-2000-06-06-primary,2000-06-06 00:00:00,2000-06-06 00:00:00,primary,certified,False,U.S. Senate,,Brian Schweitzer,,,,,Democrat,,Gallatin,ocd-division/country:us/state:mt/county:gallatin,2289,,,,,2000
2016-01-30 15:57:28.232000,mt-2000-06-06-primary,2000-06-06 00:00:00,2000-06-06 00:00:00,primary,certified,False,U.S. Senate,,Brian Schweitzer,,,,,Democrat,,Flathead,ocd-division/country:us/state:mt/county:flathead,3626,,,,,2000
2016-01-30 15:57:28.232000,mt-2000-06-06-primary,2000-06-06 00:00:00,2000-06-06 00:00:00,primary,certified,False,U.S. Senate,,Brian Schweitzer,,,,,Democrat,,Fergus,ocd-division/country:us/state:mt/county:fergus,752,,,,,2000
2016-01-30 15:57:28.232000,mt-2000-06-06-primary,2000-06-06 00:00:00,2000-06-06 00:00:00,primary,certified,False,U.S. Senate,,Brian Schweitzer,,,,,Democrat,,Fallon,ocd-division/country:us/state:mt/county:fallon,95,,,,,2000
2016-01-30 15:57:28.232000,mt-2000-06-06-primary,2000-06-06 00:00:00,2000-06-06 00:00:00,primary,certified,False,U.S. Senate,,Brian Schweitzer,,,,,Democrat,,Deer Lodge,ocd-division/country:us/state:mt/county:deer_lodge,1508,,,,,2000
2016-01-30 15:57:28.232000,mt-2000-06-06-primary,2000-06-06 00:00:00,2000-06-06 00:00:00,primary,certified,False,U.S. Senate,,Brian Schweitzer,,,,,Democrat,,Dawson,ocd-division/country:us/state:mt/county:dawson,565,,,,,2000
2016-01-30 15:57:28.232000,mt-2000-06-06-primary,2000-06-06 00:00:00,2000-06-06 00:00:00,primary,certified,False,U.S. Senate,,Brian Schweitzer,,,,,Democrat,,Daniels,ocd-division/country:us/state:mt/county:daniels,77,,,,,2000
2016-01-30 15:57:28.232000,mt-2000-06-06-primary,2000-06-06 00:00:00,2000-06-06 00:00:00,primary,certified,False,U.S. Senate,,Brian Schweitzer,,,,,Democrat,,Custer,ocd-division/country:us/state:mt/county:custer,706,,,,,2000
2016-01-30 15:57:28.232000,mt-2000-06-06-primary,2000-06-06 00:00:00,2000-06-06 00:00:00,primary,certified,False,U.S. Senate,,Brian Schweitzer,,,,,Democrat,,Chouteau,ocd-division/country:us/state:mt/county:chouteau,335,,,,,2000
2016-01-30 15:57:28.232000,mt-2000-06-06-primary,2000-06-06 00:00:00,2000-06-06 00:00:00,primary,certified,False,U.S. Senate,,Brian Schweitzer,,,,,Democrat,,Cascade,ocd-division/country:us/state:mt/county:cascade,6674,,,,,2000
2016-01-30 15:57:28.232000,mt-2000-06-06-primary,2000-06-06 00:00:00,2000-06-06 00:00:00,primary,certified,False,U.S. Senate,,Brian Schweitzer,,,,,Democrat,,Carter,ocd-division/country:us/state:mt/county:carter,20,,,,,2000
2016-01-30 15:57:28.232000,mt-2000-06-06-primary,2000-06-06 00:00:00,2000-06-06 00:00:00,primary,certified,False,U.S. Senate,,Brian Schweitzer,,,,,Democrat,,Carbon,ocd-division/country:us/state:mt/county:carbon,661,,,,,2000
2016-01-30 15:57:28.232000,mt-2000-06-06-primary,2000-06-06 00:00:00,2000-06-06 00:00:00,primary,certified,False,U.S. Senate,,Brian Schweitzer,,,,,Democrat,,Broadwater,ocd-division/country:us/state:mt/county:broadwater,253,,,,,2000
2016-01-30 15:57:28.232000,mt-2000-06-06-primary,2000-06-06 00:00:00,2000-06-06 00:00:00,primary,certified,False,U.S. Senate,,Brian Schweitzer,,,,,Democrat,,Blaine,ocd-division/country:us/state:mt/county:blaine,387,,,,,2000
2016-01-30 15:57:28.232000,mt-2000-06-06-primary,2000-06-06 00:00:00,2000-06-06 00:00:00,primary,certified,False,U.S. Senate,,Brian Schweitzer,,,,,Democrat,,Big Horn,ocd-division/country:us/state:mt/county:big_horn,535,,,,,2000
2016-01-30 15:57:28.232000,mt-2000-06-06-primary,2000-06-06 00:00:00,2000-06-06 00:00:00,primary,certified,False,U.S. Senate,,Brian Schweitzer,,,,,Democrat,,Beaverhead,ocd-division/country:us/state:mt/county:beaverhead,246,,,,,2000
2016-01-30 15:57:28.232000,mt-2000-06-06-primary,2000-06-06 00:00:00,2000-06-06 00:00:00,primary,certified,False,U.S. Senate,,John Driscoll,,,,,Democrat,,Yellowstone,ocd-division/country:us/state:mt/county:yellowstone,2470,,,,,2000
2016-01-30 15:57:28.232000,mt-2000-06-06-primary,2000-06-06 00:00:00,2000-06-06 00:00:00,primary,certified,False,U.S. Senate,,John Driscoll,,,,,Democrat,,Wibaux,ocd-division/country:us/state:mt/county:wibaux,47,,,,,2000
2016-01-30 15:57:28.232000,mt-2000-06-06-primary,2000-06-06 00:00:00,2000-06-06 00:00:00,primary,certified,False,U.S. Senate,,John Driscoll,,,,,Democrat,,Wheatland,ocd-division/country:us/state:mt/county:wheatland,72,,,,,2000
2016-01-30 15:57:28.232000,mt-2000-06-06-primary,2000-06-06 00:00:00,2000-06-06 00:00:00,primary,certified,False,U.S. Senate,,John Driscoll,,,,,Democrat,,Valley,ocd-division/country:us/state:mt/county:valley,229,,,,,2000
2016-01-30 15:57:28.232000,mt-2000-06-06-primary,2000-06-06 00:00:00,2000-06-06 00:00:00,primary,certified,False,U.S. Senate,,John Driscoll,,,,,Democrat,,Treasure,ocd-division/country:us/state:mt/county:treasure,30,,,,,2000
2016-01-30 15:57:28.232000,mt-2000-06-06-primary,2000-06-06 00:00:00,2000-06-06 00:00:00,primary,certified,False,U.S. Senate,,John Driscoll,,,,,Democrat,,Toole,ocd-division/country:us/state:mt/county:toole,154,,,,,2000
2016-01-30 15:57:28.232000,mt-2000-06-06-primary,2000-06-06 00:00:00,2000-06-06 00:00:00,primary,certified,False,U.S. Senate,,John Driscoll,,,,,Democrat,,Teton,ocd-division/country:us/state:mt/county:teton,162,,,,,2000
2016-01-30 15:57:28.232000,mt-2000-06-06-primary,2000-06-06 00:00:00,2000-06-06 00:00:00,primary,certified,False,U.S. Senate,,John Driscoll,,,,,Democrat,,Sweet Grass,ocd-division/country:us/state:mt/county:sweet_grass,56,,,,,2000
2016-01-30 15:57:28.232000,mt-2000-06-06-primary,2000-06-06 00:00:00,2000-06-06 00:00:00,primary,certified,False,U.S. Senate,,John Driscoll,,,,,Democrat,,Stillwater,ocd-division/country:us/state:mt/county:stillwater,213,,,,,2000
2016-01-30 15:57:28.232000,mt-2000-06-06-primary,2000-06-06 00:00:00,2000-06-06 00:00:00,primary,certified,False,U.S. Senate,,John Driscoll,,,,,Democrat,,Silver Bow,ocd-division/country:us/state:mt/county:silver_bow,4087,,,,,2000
2016-01-30 15:57:28.232000,mt-2000-06-06-primary,2000-06-06 00:00:00,2000-06-06 00:00:00,primary,certified,False,U.S. Senate,,John Driscoll,,,,,Democrat,,Sheridan,ocd-division/country:us/state:mt/county:sheridan,144,,,,,2000
2016-01-30 15:57:28.232000,mt-2000-06-06-primary,2000-06-06 00:00:00,2000-06-06 00:00:00,primary,certified,False,U.S. Senate,,John Driscoll,,,,,Democrat,,Sanders,ocd-division/country:us/state:mt/county:sanders,380,,,,,2000
2016-01-30 15:57:28.232000,mt-2000-06-06-primary,2000-06-06 00:00:00,2000-06-06 00:00:00,primary,certified,False,U.S. Senate,,John Driscoll,,,,,Democrat,,Rosebud,ocd-division/country:us/state:mt/county:rosebud,242,,,,,2000
2016-01-30 15:57:28.232000,mt-2000-06-06-primary,2000-06-06 00:00:00,2000-06-06 00:00:00,primary,certified,False,U.S. Senate,,John Driscoll,,,,,Democrat,,Roosevelt,ocd-division/country:us/state:mt/county:roosevelt,299,,,,,2000
2016-01-30 15:57:28.232000,mt-2000-06-06-primary,2000-06-06 00:00:00,2000-06-06 00:00:00,primary,certified,False,U.S. Senate,,John Driscoll,,,,,Democrat,,Richland,ocd-division/country:us/state:mt/county:richland,308,,,,,2000
2016-01-30 15:57:28.232000,mt-2000-06-06-primary,2000-06-06 00:00:00,2000-06-06 00:00:00,primary,certified,False,U.S. Senate,,John Driscoll,,,,,Democrat,,Ravalli,ocd-division/country:us/state:mt/county:ravalli,1037,,,,,2000
2016-01-30 15:57:28.232000,mt-2000-06-06-primary,2000-06-06 00:00:00,2000-06-06 00:00:00,primary,certified,False,U.S. Senate,,John Driscoll,,,,,Democrat,,Prairie,ocd-division/country:us/state:mt/county:prairie,44,,,,,2000
2016-01-30 15:57:28.232000,mt-2000-06-06-primary,2000-06-06 00:00:00,2000-06-06 00:00:00,primary,certified,False,U.S. Senate,,John Driscoll,,,,,Democrat,,Powell,ocd-division/country:us/state:mt/county:powell,234,,,,,2000
2016-01-30 15:57:28.232000,mt-2000-06-06-primary,2000-06-06 00:00:00,2000-06-06 00:00:00,primary,certified,False,U.S. Senate,,John Driscoll,,,,,Democrat,,Powder River,ocd-division/country:us/state:mt/county:powder_river,17,,,,,2000
2016-01-30 15:57:28.232000,mt-2000-06-06-primary,2000-06-06 00:00:00,2000-06-06 00:00:00,primary,certified,False,U.S. Senate,,John Driscoll,,,,,Democrat,,Pondera,ocd-division/country:us/state:mt/county:pondera,214,,,,,2000
2016-01-30 15:57:28.232000,mt-2000-06-06-primary,2000-06-06 00:00:00,2000-06-06 00:00:00,primary,certified,False,U.S. Senate,,John Driscoll,,,,,Democrat,,Phillips,ocd-division/country:us/state:mt/county:phillips,63,,,,,2000
2016-01-30 15:57:28.232000,mt-2000-06-06-primary,2000-06-06 00:00:00,2000-06-06 00:00:00,primary,certified,False,U.S. Senate,,John Driscoll,,,,,Democrat,,Petroleum,ocd-division/country:us/state:mt/county:petroleum,5,,,,,2000
2016-01-30 15:57:28.232000,mt-2000-06-06-primary,2000-06-06 00:00:00,2000-06-06 00:00:00,primary,certified,False,U.S. Senate,,John Driscoll,,,,,Democrat,,Park,ocd-division/country:us/state:mt/county:park,430,,,,,2000
2016-01-30 15:57:28.232000,mt-2000-06-06-primary,2000-06-06 00:00:00,2000-06-06 00:00:00,primary,certified,False,U.S. Senate,,John Driscoll,,,,,Democrat,,Musselshell,ocd-division/country:us/state:mt/county:musselshell,111,,,,,2000
2016-01-30 15:57:28.232000,mt-2000-06-06-primary,2000-06-06 00:00:00,2000-06-06 00:00:00,primary,certified,False,U.S. Senate,,John Driscoll,,,,,Democrat,,Missoula,ocd-division/country:us/state:mt/county:missoula,3707,,,,,2000
2016-01-30 15:57:28.232000,mt-2000-06-06-primary,2000-06-06 00:00:00,2000-06-06 00:00:00,primary,certified,False,U.S. Senate,,John Driscoll,,,,,Democrat,,Mineral,ocd-division/country:us/state:mt/county:mineral,167,,,,,2000
2016-01-30 15:57:28.232000,mt-2000-06-06-primary,2000-06-06 00:00:00,2000-06-06 00:00:00,primary,certified,False,U.S. Senate,,John Driscoll,,,,,Democrat,,Meagher,ocd-division/country:us/state:mt/county:meagher,47,,,,,2000
2016-01-30 15:57:28.232000,mt-2000-06-06-primary,2000-06-06 00:00:00,2000-06-06 00:00:00,primary,certified,False,U.S. Senate,,John Driscoll,,,,,Democrat,,McCone,ocd-division/country:us/state:mt/county:mccone,47,,,,,2000
2016-01-30 15:57:28.232000,mt-2000-06-06-primary,2000-06-06 00:00:00,2000-06-06 00:00:00,primary,certified,False,U.S. Senate,,John Driscoll,,,,,Democrat,,Madison,ocd-division/country:us/state:mt/county:madison,176,,,,,2000
2016-01-30 15:57:28.232000,mt-2000-06-06-primary,2000-06-06 00:00:00,2000-06-06 00:00:00,primary,certified,False,U.S. Senate,,John Driscoll,,,,,Democrat,,Lincoln,ocd-division/country:us/state:mt/county:lincoln,438,,,,,2000
2016-01-30 15:57:28.232000,mt-2000-06-06-primary,2000-06-06 00:00:00,2000-06-06 00:00:00,primary,certified,False,U.S. Senate,,John Driscoll,,,,,Democrat,,Liberty,ocd-division/country:us/state:mt/county:liberty,54,,,,,2000
2016-01-30 15:57:28.232000,mt-2000-06-06-primary,2000-06-06 00:00:00,2000-06-06 00:00:00,primary,certified,False,U.S. Senate,,John Driscoll,,,,,Democrat,,Lewis & Clark,ocd-division/country:us/state:mt/county:lewis_and_clark,3625,,,,,2000
2016-01-30 15:57:28.232000,mt-2000-06-06-primary,2000-06-06 00:00:00,2000-06-06 00:00:00,primary,certified,False,U.S. Senate,,John Driscoll,,,,,Democrat,,Lake,ocd-division/country:us/state:mt/county:lake,586,,,,,2000
2016-01-30 15:57:28.232000,mt-2000-06-06-primary,2000-06-06 00:00:00,2000-06-06 00:00:00,primary,certified,False,U.S. Senate,,John Driscoll,,,,,Democrat,,Judith Basin,ocd-division/country:us/state:mt/county:judith_basin,74,,,,,2000
2016-01-30 15:57:28.232000,mt-2000-06-06-primary,2000-06-06 00:00:00,2000-06-06 00:00:00,primary,certified,False,U.S. Senate,,John Driscoll,,,,,Democrat,,Jefferson,ocd-division/country:us/state:mt/county:jefferson,538,,,,,2000
2016-01-30 15:57:28.232000,mt-2000-06-06-primary,2000-06-06 00:00:00,2000-06-06 00:00:00,primary,certified,False,U.S. Senate,,John Driscoll,,,,,Democrat,,Hill,ocd-division/country:us/state:mt/county:hill,753,,,,,2000
2016-01-30 15:57:28.232000,mt-2000-06-06-primary,2000-06-06 00:00:00,2000-06-06 00:00:00,primary,certified,False,U.S. Senate,,John Driscoll,,,,,Democrat,,Granite,ocd-division/country:us/state:mt/county:granite,90,,,,,2000
2016-01-30 15:57:28.232000,mt-2000-06-06-primary,2000-06-06 00:00:00,2000-06-06 00:00:00,primary,certified,False,U.S. Senate,,John Driscoll,,,,,Democrat,,Golden Valley,ocd-division/country:us/state:mt/county:golden_valley,16,,,,,2000
2016-01-30 15:57:28.232000,mt-2000-06-06-primary,2000-06-06 00:00:00,2000-06-06 00:00:00,primary,certified,False,U.S. Senate,,John Driscoll,,,,,Democrat,,Glacier,ocd-division/country:us/state:mt/county:glacier,568,,,,,2000
2016-01-30 15:57:28.232000,mt-2000-06-06-primary,2000-06-06 00:00:00,2000-06-06 00:00:00,primary,certified,False,U.S. Senate,,John Driscoll,,,,,Democrat,,Garfield,ocd-division/country:us/state:mt/county:garfield,19,,,,,2000
2016-01-30 15:57:28.232000,mt-2000-06-06-primary,2000-06-06 00:00:00,2000-06-06 00:00:00,primary,certified,False,U.S. Senate,,John Driscoll,,,,,Democrat,,Gallatin,ocd-division/country:us/state:mt/county:gallatin,1229,,,,,2000
2016-01-30 15:57:28.232000,mt-2000-06-06-primary,2000-06-06 00:00:00,2000-06-06 00:00:00,primary,certified,False,U.S. Senate,,John Driscoll,,,,,Democrat,,Flathead,ocd-division/country:us/state:mt/county:flathead,1130,,,,,2000
2016-01-30 15:57:28.232000,mt-2000-06-06-primary,2000-06-06 00:00:00,2000-06-06 00:00:00,primary,certified,False,U.S. Senate,,John Driscoll,,,,,Democrat,,Fergus,ocd-division/country:us/state:mt/county:fergus,323,,,,,2000
2016-01-30 15:57:28.232000,mt-2000-06-06-primary,2000-06-06 00:00:00,2000-06-06 00:00:00,primary,certified,False,U.S. Senate,,John Driscoll,,,,,Democrat,,Fallon,ocd-division/country:us/state:mt/county:fallon,94,,,,,2000
2016-01-30 15:57:28.232000,mt-2000-06-06-primary,2000-06-06 00:00:00,2000-06-06 00:00:00,primary,certified,False,U.S. Senate,,John Driscoll,,,,,Democrat,,Deer Lodge,ocd-division/country:us/state:mt/county:deer_lodge,1159,,,,,2000
2016-01-30 15:57:28.232000,mt-2000-06-06-primary,2000-06-06 00:00:00,2000-06-06 00:00:00,primary,certified,False,U.S. Senate,,John Driscoll,,,,,Democrat,,Dawson,ocd-division/country:us/state:mt/county:dawson,205,,,,,2000
2016-01-30 15:57:28.232000,mt-2000-06-06-primary,2000-06-06 00:00:00,2000-06-06 00:00:00,primary,certified,False,U.S. Senate,,John Driscoll,,,,,Democrat,,Daniels,ocd-division/country:us/state:mt/county:daniels,47,,,,,2000
2016-01-30 15:57:28.232000,mt-2000-06-06-primary,2000-06-06 00:00:00,2000-06-06 00:00:00,primary,certified,False,U.S. Senate,,John Driscoll,,,,,Democrat,,Custer,ocd-division/country:us/state:mt/county:custer,362,,,,,2000
2016-01-30 15:57:28.232000,mt-2000-06-06-primary,2000-06-06 00:00:00,2000-06-06 00:00:00,primary,certified,False,U.S. Senate,,John Driscoll,,,,,Democrat,,Chouteau,ocd-division/country:us/state:mt/county:chouteau,146,,,,,2000
2016-01-30 15:57:28.232000,mt-2000-06-06-primary,2000-06-06 00:00:00,2000-06-06 00:00:00,primary,certified,False,U.S. Senate,,John Driscoll,,,,,Democrat,,Cascade,ocd-division/country:us/state:mt/county:cascade,2378,,,,,2000
2016-01-30 15:57:28.232000,mt-2000-06-06-primary,2000-06-06 00:00:00,2000-06-06 00:00:00,primary,certified,False,U.S. Senate,,John Driscoll,,,,,Democrat,,Carter,ocd-division/country:us/state:mt/county:carter,26,,,,,2000
2016-01-30 15:57:28.232000,mt-2000-06-06-primary,2000-06-06 00:00:00,2000-06-06 00:00:00,primary,certified,False,U.S. Senate,,John Driscoll,,,,,Democrat,,Carbon,ocd-division/country:us/state:mt/county:carbon,242,,,,,2000
2016-01-30 15:57:28.232000,mt-2000-06-06-primary,2000-06-06 00:00:00,2000-06-06 00:00:00,primary,certified,False,U.S. Senate,,John Driscoll,,,,,Democrat,,Broadwater,ocd-division/country:us/state:mt/county:broadwater,161,,,,,2000
2016-01-30 15:57:28.232000,mt-2000-06-06-primary,2000-06-06 00:00:00,2000-06-06 00:00:00,primary,certified,False,U.S. Senate,,John Driscoll,,,,,Democrat,,Blaine,ocd-division/country:us/state:mt/county:blaine,263,,,,,2000
2016-01-30 15:57:28.232000,mt-2000-06-06-primary,2000-06-06 00:00:00,2000-06-06 00:00:00,primary,certified,False,U.S. Senate,,John Driscoll,,,,,Democrat,,Big Horn,ocd-division/country:us/state:mt/county:big_horn,362,,,,,2000
2016-01-30 15:57:28.232000,mt-2000-06-06-primary,2000-06-06 00:00:00,2000-06-06 00:00:00,primary,certified,False,U.S. Senate,,John Driscoll,,,,,Democrat,,Beaverhead,ocd-division/country:us/state:mt/county:beaverhead,162,,,,,2000
2016-01-30 15:57:28.232000,mt-2000-06-06-primary,2000-06-06 00:00:00,2000-06-06 00:00:00,primary,certified,False,President,,No Preference,,,,,Republican,,Yellowstone,ocd-division/country:us/state:mt/county:yellowstone,432,,,,,2000
2016-01-30 15:57:28.232000,mt-2000-06-06-primary,2000-06-06 00:00:00,2000-06-06 00:00:00,primary,certified,False,President,,No Preference,,,,,Republican,,Wibaux,ocd-division/country:us/state:mt/county:wibaux,13,,,,,2000
2016-01-30 15:57:28.232000,mt-2000-06-06-primary,2000-06-06 00:00:00,2000-06-06 00:00:00,primary,certified,False,President,,No Preference,,,,,Republican,,Wheatland,ocd-division/country:us/state:mt/county:wheatland,2,,,,,2000
2016-01-30 15:57:28.232000,mt-2000-06-06-primary,2000-06-06 00:00:00,2000-06-06 00:00:00,primary,certified,False,President,,No Preference,,,,,Republican,,Valley,ocd-division/country:us/state:mt/county:valley,78,,,,,2000
2016-01-30 15:57:28.232000,mt-2000-06-06-primary,2000-06-06 00:00:00,2000-06-06 00:00:00,primary,certified,False,President,,No Preference,,,,,Republican,,Treasure,ocd-division/country:us/state:mt/county:treasure,4,,,,,2000
2016-01-30 15:57:28.232000,mt-2000-06-06-primary,2000-06-06 00:00:00,2000-06-06 00:00:00,primary,certified,False,President,,No Preference,,,,,Republican,,Toole,ocd-division/country:us/state:mt/county:toole,61,,,,,2000
2016-01-30 15:57:28.232000,mt-2000-06-06-primary,2000-06-06 00:00:00,2000-06-06 00:00:00,primary,certified,False,President,,No Preference,,,,,Republican,,Teton,ocd-division/country:us/state:mt/county:teton,50,,,,,2000
2016-01-30 15:57:28.232000,mt-2000-06-06-primary,2000-06-06 00:00:00,2000-06-06 00:00:00,primary,certified,False,President,,No Preference,,,,,Republican,,Sweet Grass,ocd-division/country:us/state:mt/county:sweet_grass,41,,,,,2000
2016-01-30 15:57:28.232000,mt-2000-06-06-primary,2000-06-06 00:00:00,2000-06-06 00:00:00,primary,certified,False,President,,No Preference,,,,,Republican,,Stillwater,ocd-division/country:us/state:mt/county:stillwater,48,,,,,2000
2016-01-30 15:57:28.232000,mt-2000-06-06-primary,2000-06-06 00:00:00,2000-06-06 00:00:00,primary,certified,False,President,,No Preference,,,,,Republican,,Silver Bow,ocd-division/country:us/state:mt/county:silver_bow,196,,,,,2000
2016-01-30 15:57:28.232000,mt-2000-06-06-primary,2000-06-06 00:00:00,2000-06-06 00:00:00,primary,certified,False,President,,No Preference,,,,,Republican,,Sheridan,ocd-division/country:us/state:mt/county:sheridan,18,,,,,2000
2016-01-30 15:57:28.232000,mt-2000-06-06-primary,2000-06-06 00:00:00,2000-06-06 00:00:00,primary,certified,False,President,,No Preference,,,,,Republican,,Sanders,ocd-division/country:us/state:mt/county:sanders,49,,,,,2000
2016-01-30 15:57:28.232000,mt-2000-06-06-primary,2000-06-06 00:00:00,2000-06-06 00:00:00,primary,certified,False,President,,No Preference,,,,,Republican,,Rosebud,ocd-division/country:us/state:mt/county:rosebud,29,,,,,2000
2016-01-30 15:57:28.232000,mt-2000-06-06-primary,2000-06-06 00:00:00,2000-06-06 00:00:00,primary,certified,False,President,,No Preference,,,,,Republican,,Roosevelt,ocd-division/country:us/state:mt/county:roosevelt,23,,,,,2000
2016-01-30 15:57:28.232000,mt-2000-06-06-primary,2000-06-06 00:00:00,2000-06-06 00:00:00,primary,certified,False,President,,No Preference,,,,,Republican,,Richland,ocd-division/country:us/state:mt/county:richland,65,,,,,2000
2016-01-30 15:57:28.232000,mt-2000-06-06-primary,2000-06-06 00:00:00,2000-06-06 00:00:00,primary,certified,False,President,,No Preference,,,,,Republican,,Ravalli,ocd-division/country:us/state:mt/county:ravalli,440,,,,,2000
2016-01-30 15:57:28.232000,mt-2000-06-06-primary,2000-06-06 00:00:00,2000-06-06 00:00:00,primary,certified,False,President,,No Preference,,,,,Republican,,Prairie,ocd-division/country:us/state:mt/county:prairie,14,,,,,2000
2016-01-30 15:57:28.232000,mt-2000-06-06-primary,2000-06-06 00:00:00,2000-06-06 00:00:00,primary,certified,False,President,,No Preference,,,,,Republican,,Powell,ocd-division/country:us/state:mt/county:powell,51,,,,,2000
2016-01-30 15:57:28.232000,mt-2000-06-06-primary,2000-06-06 00:00:00,2000-06-06 00:00:00,primary,certified,False,President,,No Preference,,,,,Republican,,Powder River,ocd-division/country:us/state:mt/county:powder_river,26,,,,,2000
2016-01-30 15:57:28.232000,mt-2000-06-06-primary,2000-06-06 00:00:00,2000-06-06 00:00:00,primary,certified,False,President,,No Preference,,,,,Republican,,Pondera,ocd-division/country:us/state:mt/county:pondera,38,,,,,2000
2016-01-30 15:57:28.232000,mt-2000-06-06-primary,2000-06-06 00:00:00,2000-06-06 00:00:00,primary,certified,False,President,,No Preference,,,,,Republican,,Phillips,ocd-division/country:us/state:mt/county:phillips,63,,,,,2000
2016-01-30 15:57:28.232000,mt-2000-06-06-primary,2000-06-06 00:00:00,2000-06-06 00:00:00,primary,certified,False,President,,No Preference,,,,,Republican,,Petroleum,ocd-division/country:us/state:mt/county:petroleum,1,,,,,2000
2016-01-30 15:57:28.232000,mt-2000-06-06-primary,2000-06-06 00:00:00,2000-06-06 00:00:00,primary,certified,False,President,,No Preference,,,,,Republican,,Park,ocd-division/country:us/state:mt/county:park,76,,,,,2000
2016-01-30 15:57:28.232000,mt-2000-06-06-primary,2000-06-06 00:00:00,2000-06-06 00:00:00,primary,certified,False,President,,No Preference,,,,,Republican,,Musselshell,ocd-division/country:us/state:mt/county:musselshell,42,,,,,2000
2016-01-30 15:57:28.232000,mt-2000-06-06-primary,2000-06-06 00:00:00,2000-06-06 00:00:00,primary,certified,False,President,,No Preference,,,,,Republican,,Missoula,ocd-division/country:us/state:mt/county:missoula,285,,,,,2000
2016-01-30 15:57:28.232000,mt-2000-06-06-primary,2000-06-06 00:00:00,2000-06-06 00:00:00,primary,certified,False,President,,No Preference,,,,,Republican,,Mineral,ocd-division/country:us/state:mt/county:mineral,19,,,,,2000
2016-01-30 15:57:28.232000,mt-2000-06-06-primary,2000-06-06 00:00:00,2000-06-06 00:00:00,primary,certified,False,President,,No Preference,,,,,Republican,,Meagher,ocd-division/country:us/state:mt/county:meagher,16,,,,,2000
2016-01-30 15:57:28.232000,mt-2000-06-06-primary,2000-06-06 00:00:00,2000-06-06 00:00:00,primary,certified,False,President,,No Preference,,,,,Republican,,McCone,ocd-division/country:us/state:mt/county:mccone,10,,,,,2000
2016-01-30 15:57:28.232000,mt-2000-06-06-primary,2000-06-06 00:00:00,2000-06-06 00:00:00,primary,certified,False,President,,No Preference,,,,,Republican,,Madison,ocd-division/country:us/state:mt/county:madison,73,,,,,2000
2016-01-30 15:57:28.232000,mt-2000-06-06-primary,2000-06-06 00:00:00,2000-06-06 00:00:00,primary,certified,False,President,,No Preference,,,,,Republican,,Lincoln,ocd-division/country:us/state:mt/county:lincoln,75,,,,,2000
2016-01-30 15:57:28.232000,mt-2000-06-06-primary,2000-06-06 00:00:00,2000-06-06 00:00:00,primary,certified,False,President,,No Preference,,,,,Republican,,Liberty,ocd-division/country:us/state:mt/county:liberty,20,,,,,2000
2016-01-30 15:57:28.232000,mt-2000-06-06-primary,2000-06-06 00:00:00,2000-06-06 00:00:00,primary,certified,False,President,,No Preference,,,,,Republican,,Lewis & Clark,ocd-division/country:us/state:mt/county:lewis_and_clark,111,,,,,2000
2016-01-30 15:57:28.232000,mt-2000-06-06-primary,2000-06-06 00:00:00,2000-06-06 00:00:00,primary,certified,False,President,,No Preference,,,,,Republican,,Lake,ocd-division/country:us/state:mt/county:lake,205,,,,,2000
2016-01-30 15:57:28.232000,mt-2000-06-06-primary,2000-06-06 00:00:00,2000-06-06 00:00:00,primary,certified,False,President,,No Preference,,,,,Republican,,Judith Basin,ocd-division/country:us/state:mt/county:judith_basin,26,,,,,2000
2016-01-30 15:57:28.232000,mt-2000-06-06-primary,2000-06-06 00:00:00,2000-06-06 00:00:00,primary,certified,False,President,,No Preference,,,,,Republican,,Jefferson,ocd-division/country:us/state:mt/county:jefferson,57,,,,,2000
2016-01-30 15:57:28.232000,mt-2000-06-06-primary,2000-06-06 00:00:00,2000-06-06 00:00:00,primary,certified,False,President,,No Preference,,,,,Republican,,Hill,ocd-division/country:us/state:mt/county:hill,62,,,,,2000
2016-01-30 15:57:28.232000,mt-2000-06-06-primary,2000-06-06 00:00:00,2000-06-06 00:00:00,primary,certified,False,President,,No Preference,,,,,Republican,,Granite,ocd-division/country:us/state:mt/county:granite,55,,,,,2000
2016-01-30 15:57:28.232000,mt-2000-06-06-primary,2000-06-06 00:00:00,2000-06-06 00:00:00,primary,certified,False,President,,No Preference,,,,,Republican,,Golden Valley,ocd-division/country:us/state:mt/county:golden_valley,3,,,,,2000
2016-01-30 15:57:28.232000,mt-2000-06-06-primary,2000-06-06 00:00:00,2000-06-06 00:00:00,primary,certified,False,President,,No Preference,,,,,Republican,,Glacier,ocd-division/country:us/state:mt/county:glacier,30,,,,,2000
2016-01-30 15:57:28.232000,mt-2000-06-06-primary,2000-06-06 00:00:00,2000-06-06 00:00:00,primary,certified,False,President,,No Preference,,,,,Republican,,Garfield,ocd-division/country:us/state:mt/county:garfield,5,,,,,2000
2016-01-30 15:57:28.232000,mt-2000-06-06-primary,2000-06-06 00:00:00,2000-06-06 00:00:00,primary,certified,False,President,,No Preference,,,,,Republican,,Gallatin,ocd-division/country:us/state:mt/county:gallatin,258,,,,,2000
2016-01-30 15:57:28.232000,mt-2000-06-06-primary,2000-06-06 00:00:00,2000-06-06 00:00:00,primary,certified,False,President,,No Preference,,,,,Republican,,Flathead,ocd-division/country:us/state:mt/county:flathead,489,,,,,2000
2016-01-30 15:57:28.232000,mt-2000-06-06-primary,2000-06-06 00:00:00,2000-06-06 00:00:00,primary,certified,False,President,,No Preference,,,,,Republican,,Fergus,ocd-division/country:us/state:mt/county:fergus,103,,,,,2000
2016-01-30 15:57:28.232000,mt-2000-06-06-primary,2000-06-06 00:00:00,2000-06-06 00:00:00,primary,certified,False,President,,No Preference,,,,,Republican,,Fallon,ocd-division/country:us/state:mt/county:fallon,26,,,,,2000
2016-01-30 15:57:28.232000,mt-2000-06-06-primary,2000-06-06 00:00:00,2000-06-06 00:00:00,primary,certified,False,President,,No Preference,,,,,Republican,,Deer Lodge,ocd-division/country:us/state:mt/county:deer_lodge,56,,,,,2000
2016-01-30 15:57:28.232000,mt-2000-06-06-primary,2000-06-06 00:00:00,2000-06-06 00:00:00,primary,certified,False,President,,No Preference,,,,,Republican,,Dawson,ocd-division/country:us/state:mt/county:dawson,87,,,,,2000
2016-01-30 15:57:28.232000,mt-2000-06-06-primary,2000-06-06 00:00:00,2000-06-06 00:00:00,primary,certified,False,President,,No Preference,,,,,Republican,,Daniels,ocd-division/country:us/state:mt/county:daniels,14,,,,,2000
2016-01-30 15:57:28.232000,mt-2000-06-06-primary,2000-06-06 00:00:00,2000-06-06 00:00:00,primary,certified,False,President,,No Preference,,,,,Republican,,Custer,ocd-division/country:us/state:mt/county:custer,56,,,,,2000
2016-01-30 15:57:28.232000,mt-2000-06-06-primary,2000-06-06 00:00:00,2000-06-06 00:00:00,primary,certified,False,President,,No Preference,,,,,Republican,,Chouteau,ocd-division/country:us/state:mt/county:chouteau,93,,,,,2000
2016-01-30 15:57:28.232000,mt-2000-06-06-primary,2000-06-06 00:00:00,2000-06-06 00:00:00,primary,certified,False,President,,No Preference,,,,,Republican,,Cascade,ocd-division/country:us/state:mt/county:cascade,314,,,,,2000
2016-01-30 15:57:28.232000,mt-2000-06-06-primary,2000-06-06 00:00:00,2000-06-06 00:00:00,primary,certified,False,President,,No Preference,,,,,Republican,,Carter,ocd-division/country:us/state:mt/county:carter,16,,,,,2000
2016-01-30 15:57:28.232000,mt-2000-06-06-primary,2000-06-06 00:00:00,2000-06-06 00:00:00,primary,certified,False,President,,No Preference,,,,,Republican,,Carbon,ocd-division/country:us/state:mt/county:carbon,56,,,,,2000
2016-01-30 15:57:28.232000,mt-2000-06-06-primary,2000-06-06 00:00:00,2000-06-06 00:00:00,primary,certified,False,President,,No Preference,,,,,Republican,,Broadwater,ocd-division/country:us/state:mt/county:broadwater,32,,,,,2000
2016-01-30 15:57:28.232000,mt-2000-06-06-primary,2000-06-06 00:00:00,2000-06-06 00:00:00,primary,certified,False,President,,No Preference,,,,,Republican,,Blaine,ocd-division/country:us/state:mt/county:blaine,16,,,,,2000
2016-01-30 15:57:28.232000,mt-2000-06-06-primary,2000-06-06 00:00:00,2000-06-06 00:00:00,primary,certified,False,President,,No Preference,,,,,Republican,,Big Horn,ocd-division/country:us/state:mt/county:big_horn,35,,,,,2000
2016-01-30 15:57:28.232000,mt-2000-06-06-primary,2000-06-06 00:00:00,2000-06-06 00:00:00,primary,certified,False,President,,No Preference,,,,,Republican,,Beaverhead,ocd-division/country:us/state:mt/county:beaverhead,92,,,,,2000
2016-01-30 15:57:28.232000,mt-2000-06-06-primary,2000-06-06 00:00:00,2000-06-06 00:00:00,primary,certified,False,President,,Alan Keyes,,,,,Republican,,Yellowstone,ocd-division/country:us/state:mt/county:yellowstone,2104,,,,,2000
2016-01-30 15:57:28.232000,mt-2000-06-06-primary,2000-06-06 00:00:00,2000-06-06 00:00:00,primary,certified,False,President,,Alan Keyes,,,,,Republican,,Wibaux,ocd-division/country:us/state:mt/county:wibaux,22,,,,,2000
2016-01-30 15:57:28.232000,mt-2000-06-06-primary,2000-06-06 00:00:00,2000-06-06 00:00:00,primary,certified,False,President,,Alan Keyes,,,,,Republican,,Wheatland,ocd-division/country:us/state:mt/county:wheatland,51,,,,,2000
2016-01-30 15:57:28.232000,mt-2000-06-06-primary,2000-06-06 00:00:00,2000-06-06 00:00:00,primary,certified,False,President,,Alan Keyes,,,,,Republican,,Valley,ocd-division/country:us/state:mt/county:valley,217,,,,,2000
2016-01-30 15:57:28.232000,mt-2000-06-06-primary,2000-06-06 00:00:00,2000-06-06 00:00:00,primary,certified,False,President,,Alan Keyes,,,,,Republican,,Treasure,ocd-division/country:us/state:mt/county:treasure,22,,,,,2000
2016-01-30 15:57:28.232000,mt-2000-06-06-primary,2000-06-06 00:00:00,2000-06-06 00:00:00,primary,certified,False,President,,Alan Keyes,,,,,Republican,,Toole,ocd-division/country:us/state:mt/county:toole,138,,,,,2000
2016-01-30 15:57:28.232000,mt-2000-06-06-primary,2000-06-06 00:00:00,2000-06-06 00:00:00,primary,certified,False,President,,Alan Keyes,,,,,Republican,,Teton,ocd-division/country:us/state:mt/county:teton,230,,,,,2000
2016-01-30 15:57:28.232000,mt-2000-06-06-primary,2000-06-06 00:00:00,2000-06-06 00:00:00,primary,certified,False,President,,Alan Keyes,,,,,Republican,,Sweet Grass,ocd-division/country:us/state:mt/county:sweet_grass,94,,,,,2000
2016-01-30 15:57:28.232000,mt-2000-06-06-primary,2000-06-06 00:00:00,2000-06-06 00:00:00,primary,certified,False,President,,Alan Keyes,,,,,Republican,,Stillwater,ocd-division/country:us/state:mt/county:stillwater,185,,,,,2000
2016-01-30 15:57:28.232000,mt-2000-06-06-primary,2000-06-06 00:00:00,2000-06-06 00:00:00,primary,certified,False,President,,Alan Keyes,,,,,Republican,,Silver Bow,ocd-division/country:us/state:mt/county:silver_bow,487,,,,,2000
2016-01-30 15:57:28.232000,mt-2000-06-06-primary,2000-06-06 00:00:00,2000-06-06 00:00:00,primary,certified,False,President,,Alan Keyes,,,,,Republican,,Sheridan,ocd-division/country:us/state:mt/county:sheridan,43,,,,,2000
2016-01-30 15:57:28.232000,mt-2000-06-06-primary,2000-06-06 00:00:00,2000-06-06 00:00:00,primary,certified,False,President,,Alan Keyes,,,,,Republican,,Sanders,ocd-division/country:us/state:mt/county:sanders,267,,,,,2000
2016-01-30 15:57:28.232000,mt-2000-06-06-primary,2000-06-06 00:00:00,2000-06-06 00:00:00,primary,certified,False,President,,Alan Keyes,,,,,Republican,,Rosebud,ocd-division/country:us/state:mt/county:rosebud,88,,,,,2000
2016-01-30 15:57:28.232000,mt-2000-06-06-primary,2000-06-06 00:00:00,2000-06-06 00:00:00,primary,certified,False,President,,Alan Keyes,,,,,Republican,,Roosevelt,ocd-division/country:us/state:mt/county:roosevelt,98,,,,,2000
2016-01-30 15:57:28.232000,mt-2000-06-06-primary,2000-06-06 00:00:00,2000-06-06 00:00:00,primary,certified,False,President,,Alan Keyes,,,,,Republican,,Richland,ocd-division/country:us/state:mt/county:richland,163,,,,,2000
2016-01-30 15:57:28.232000,mt-2000-06-06-primary,2000-06-06 00:00:00,2000-06-06 00:00:00,primary,certified,False,President,,Alan Keyes,,,,,Republican,,Ravalli,ocd-division/country:us/state:mt/county:ravalli,1570,,,,,2000
2016-01-30 15:57:28.232000,mt-2000-06-06-primary,2000-06-06 00:00:00,2000-06-06 00:00:00,primary,certified,False,President,,Alan Keyes,,,,,Republican,,Prairie,ocd-division/country:us/state:mt/county:prairie,57,,,,,2000
2016-01-30 15:57:28.232000,mt-2000-06-06-primary,2000-06-06 00:00:00,2000-06-06 00:00:00,primary,certified,False,President,,Alan Keyes,,,,,Republican,,Powell,ocd-division/country:us/state:mt/county:powell,179,,,,,2000
2016-01-30 15:57:28.232000,mt-2000-06-06-primary,2000-06-06 00:00:00,2000-06-06 00:00:00,primary,certified,False,President,,Alan Keyes,,,,,Republican,,Powder River,ocd-division/country:us/state:mt/county:powder_river,67,,,,,2000
2016-01-30 15:57:28.232000,mt-2000-06-06-primary,2000-06-06 00:00:00,2000-06-06 00:00:00,primary,certified,False,President,,Alan Keyes,,,,,Republican,,Pondera,ocd-division/country:us/state:mt/county:pondera,142,,,,,2000
2016-01-30 15:57:28.232000,mt-2000-06-06-primary,2000-06-06 00:00:00,2000-06-06 00:00:00,primary,certified,False,President,,Alan Keyes,,,,,Republican,,Phillips,ocd-division/country:us/state:mt/county:phillips,135,,,,,2000
2016-01-30 15:57:28.232000,mt-2000-06-06-primary,2000-06-06 00:00:00,2000-06-06 00:00:00,primary,certified,False,President,,Alan Keyes,,,,,Republican,,Petroleum,ocd-division/country:us/state:mt/county:petroleum,22,,,,,2000
2016-01-30 15:57:28.232000,mt-2000-06-06-primary,2000-06-06 00:00:00,2000-06-06 00:00:00,primary,certified,False,President,,Alan Keyes,,,,,Republican,,Park,ocd-division/country:us/state:mt/county:park,417,,,,,2000
2016-01-30 15:57:28.232000,mt-2000-06-06-primary,2000-06-06 00:00:00,2000-06-06 00:00:00,primary,certified,False,President,,Alan Keyes,,,,,Republican,,Musselshell,ocd-division/country:us/state:mt/county:musselshell,130,,,,,2000
2016-01-30 15:57:28.232000,mt-2000-06-06-primary,2000-06-06 00:00:00,2000-06-06 00:00:00,primary,certified,False,President,,Alan Keyes,,,,,Republican,,Missoula,ocd-division/country:us/state:mt/county:missoula,2106,,,,,2000
2016-01-30 15:57:28.232000,mt-2000-06-06-primary,2000-06-06 00:00:00,2000-06-06 00:00:00,primary,certified,False,President,,Alan Keyes,,,,,Republican,,Mineral,ocd-division/country:us/state:mt/county:mineral,83,,,,,2000
2016-01-30 15:57:28.232000,mt-2000-06-06-primary,2000-06-06 00:00:00,2000-06-06 00:00:00,primary,certified,False,President,,Alan Keyes,,,,,Republican,,Meagher,ocd-division/country:us/state:mt/county:meagher,47,,,,,2000
2016-01-30 15:57:28.232000,mt-2000-06-06-primary,2000-06-06 00:00:00,2000-06-06 00:00:00,primary,certified,False,President,,Alan Keyes,,,,,Republican,,McCone,ocd-division/country:us/state:mt/county:mccone,59,,,,,2000
2016-01-30 15:57:28.232000,mt-2000-06-06-primary,2000-06-06 00:00:00,2000-06-06 00:00:00,primary,certified,False,President,,Alan Keyes,,,,,Republican,,Madison,ocd-division/country:us/state:mt/county:madison,204,,,,,2000
2016-01-30 15:57:28.232000,mt-2000-06-06-primary,2000-06-06 00:00:00,2000-06-06 00:00:00,primary,certified,False,President,,Alan Keyes,,,,,Republican,,Lincoln,ocd-division/country:us/state:mt/county:lincoln,394,,,,,2000
2016-01-30 15:57:28.232000,mt-2000-06-06-primary,2000-06-06 00:00:00,2000-06-06 00:00:00,primary,certified,False,President,,Alan Keyes,,,,,Republican,,Liberty,ocd-division/country:us/state:mt/county:liberty,68,,,,,2000
2016-01-30 15:57:28.232000,mt-2000-06-06-primary,2000-06-06 00:00:00,2000-06-06 00:00:00,primary,certified,False,President,,Alan Keyes,,,,,Republican,,Lewis & Clark,ocd-division/country:us/state:mt/county:lewis_and_clark,1486,,,,,2000
2016-01-30 15:57:28.232000,mt-2000-06-06-primary,2000-06-06 00:00:00,2000-06-06 00:00:00,primary,certified,False,President,,Alan Keyes,,,,,Republican,,Lake,ocd-division/country:us/state:mt/county:lake,1069,,,,,2000
2016-01-30 15:57:28.232000,mt-2000-06-06-primary,2000-06-06 00:00:00,2000-06-06 00:00:00,primary,certified,False,President,,Alan Keyes,,,,,Republican,,Judith Basin,ocd-division/country:us/state:mt/county:judith_basin,66,,,,,2000
2016-01-30 15:57:28.232000,mt-2000-06-06-primary,2000-06-06 00:00:00,2000-06-06 00:00:00,primary,certified,False,President,,Alan Keyes,,,,,Republican,,Jefferson,ocd-division/country:us/state:mt/county:jefferson,416,,,,,2000
2016-01-30 15:57:28.232000,mt-2000-06-06-primary,2000-06-06 00:00:00,2000-06-06 00:00:00,primary,certified,False,President,,Alan Keyes,,,,,Republican,,Hill,ocd-division/country:us/state:mt/county:hill,174,,,,,2000
2016-01-30 15:57:28.232000,mt-2000-06-06-primary,2000-06-06 00:00:00,2000-06-06 00:00:00,primary,certified,False,President,,Alan Keyes,,,,,Republican,,Granite,ocd-division/country:us/state:mt/county:granite,128,,,,,2000
2016-01-30 15:57:28.232000,mt-2000-06-06-primary,2000-06-06 00:00:00,2000-06-06 00:00:00,primary,certified,False,President,,Alan Keyes,,,,,Republican,,Golden Valley,ocd-division/country:us/state:mt/county:golden_valley,34,,,,,2000
2016-01-30 15:57:28.232000,mt-2000-06-06-primary,2000-06-06 00:00:00,2000-06-06 00:00:00,primary,certified,False,President,,Alan Keyes,,,,,Republican,,Glacier,ocd-division/country:us/state:mt/county:glacier,77,,,,,2000
2016-01-30 15:57:28.232000,mt-2000-06-06-primary,2000-06-06 00:00:00,2000-06-06 00:00:00,primary,certified,False,President,,Alan Keyes,,,,,Republican,,Garfield,ocd-division/country:us/state:mt/county:garfield,31,,,,,2000
2016-01-30 15:57:28.232000,mt-2000-06-06-primary,2000-06-06 00:00:00,2000-06-06 00:00:00,primary,certified,False,President,,Alan Keyes,,,,,Republican,,Gallatin,ocd-division/country:us/state:mt/county:gallatin,1793,,,,,2000
2016-01-30 15:57:28.232000,mt-2000-06-06-primary,2000-06-06 00:00:00,2000-06-06 00:00:00,primary,certified,False,President,,Alan Keyes,,,,,Republican,,Flathead,ocd-division/country:us/state:mt/county:flathead,2393,,,,,2000
2016-01-30 15:57:28.232000,mt-2000-06-06-primary,2000-06-06 00:00:00,2000-06-06 00:00:00,primary,certified,False,President,,Alan Keyes,,,,,Republican,,Fergus,ocd-division/country:us/state:mt/county:fergus,409,,,,,2000
2016-01-30 15:57:28.232000,mt-2000-06-06-primary,2000-06-06 00:00:00,2000-06-06 00:00:00,primary,certified,False,President,,Alan Keyes,,,,,Republican,,Fallon,ocd-division/country:us/state:mt/county:fallon,84,,,,,2000
2016-01-30 15:57:28.232000,mt-2000-06-06-primary,2000-06-06 00:00:00,2000-06-06 00:00:00,primary,certified,False,President,,Alan Keyes,,,,,Republican,,Deer Lodge,ocd-division/country:us/state:mt/county:deer_lodge,89,,,,,2000
2016-01-30 15:57:28.232000,mt-2000-06-06-primary,2000-06-06 00:00:00,2000-06-06 00:00:00,primary,certified,False,President,,Alan Keyes,,,,,Republican,,Dawson,ocd-division/country:us/state:mt/county:dawson,272,,,,,2000
2016-01-30 15:57:28.232000,mt-2000-06-06-primary,2000-06-06 00:00:00,2000-06-06 00:00:00,primary,certified,False,President,,Alan Keyes,,,,,Republican,,Daniels,ocd-division/country:us/state:mt/county:daniels,84,,,,,2000
2016-01-30 15:57:28.232000,mt-2000-06-06-primary,2000-06-06 00:00:00,2000-06-06 00:00:00,primary,certified,False,President,,Alan Keyes,,,,,Republican,,Custer,ocd-division/country:us/state:mt/county:custer,153,,,,,2000
2016-01-30 15:57:28.232000,mt-2000-06-06-primary,2000-06-06 00:00:00,2000-06-06 00:00:00,primary,certified,False,President,,Alan Keyes,,,,,Republican,,Chouteau,ocd-division/country:us/state:mt/county:chouteau,190,,,,,2000
2016-01-30 15:57:28.232000,mt-2000-06-06-primary,2000-06-06 00:00:00,2000-06-06 00:00:00,primary,certified,False,President,,Alan Keyes,,,,,Republican,,Cascade,ocd-division/country:us/state:mt/county:cascade,1180,,,,,2000
2016-01-30 15:57:28.232000,mt-2000-06-06-primary,2000-06-06 00:00:00,2000-06-06 00:00:00,primary,certified,False,President,,Alan Keyes,,,,,Republican,,Carter,ocd-division/country:us/state:mt/county:carter,61,,,,,2000
2016-01-30 15:57:28.232000,mt-2000-06-06-primary,2000-06-06 00:00:00,2000-06-06 00:00:00,primary,certified,False,President,,Alan Keyes,,,,,Republican,,Carbon,ocd-division/country:us/state:mt/county:carbon,212,,,,,2000
2016-01-30 15:57:28.232000,mt-2000-06-06-primary,2000-06-06 00:00:00,2000-06-06 00:00:00,primary,certified,False,President,,Alan Keyes,,,,,Republican,,Broadwater,ocd-division/country:us/state:mt/county:broadwater,155,,,,,2000
2016-01-30 15:57:28.232000,mt-2000-06-06-primary,2000-06-06 00:00:00,2000-06-06 00:00:00,primary,certified,False,President,,Alan Keyes,,,,,Republican,,Blaine,ocd-division/country:us/state:mt/county:blaine,80,,,,,2000
2016-01-30 15:57:28.232000,mt-2000-06-06-primary,2000-06-06 00:00:00,2000-06-06 00:00:00,primary,certified,False,President,,Alan Keyes,,,,,Republican,,Big Horn,ocd-division/country:us/state:mt/county:big_horn,105,,,,,2000
2016-01-30 15:57:28.232000,mt-2000-06-06-primary,2000-06-06 00:00:00,2000-06-06 00:00:00,primary,certified,False,President,,Alan Keyes,,,,,Republican,,Beaverhead,ocd-division/country:us/state:mt/county:beaverhead,192,,,,,2000
2016-01-30 15:57:28.232000,mt-2000-06-06-primary,2000-06-06 00:00:00,2000-06-06 00:00:00,primary,certified,False,President,,George Bush,,,,,Republican,,Yellowstone,ocd-division/country:us/state:mt/county:yellowstone,11198,,,,,2000
2016-01-30 15:57:28.232000,mt-2000-06-06-primary,2000-06-06 00:00:00,2000-06-06 00:00:00,primary,certified,False,President,,George Bush,,,,,Republican,,Wibaux,ocd-division/country:us/state:mt/county:wibaux,134,,,,,2000
2016-01-30 15:57:28.232000,mt-2000-06-06-primary,2000-06-06 00:00:00,2000-06-06 00:00:00,primary,certified,False,President,,George Bush,,,,,Republican,,Wheatland,ocd-division/country:us/state:mt/county:wheatland,345,,,,,2000
2016-01-30 15:57:28.232000,mt-2000-06-06-primary,2000-06-06 00:00:00,2000-06-06 00:00:00,primary,certified,False,President,,George Bush,,,,,Republican,,Valley,ocd-division/country:us/state:mt/county:valley,1193,,,,,2000
2016-01-30 15:57:28.232000,mt-2000-06-06-primary,2000-06-06 00:00:00,2000-06-06 00:00:00,primary,certified,False,President,,George Bush,,,,,Republican,,Treasure,ocd-division/country:us/state:mt/county:treasure,154,,,,,2000
2016-01-30 15:57:28.232000,mt-2000-06-06-primary,2000-06-06 00:00:00,2000-06-06 00:00:00,primary,certified,False,President,,George Bush,,,,,Republican,,Toole,ocd-division/country:us/state:mt/county:toole,811,,,,,2000
2016-01-30 15:57:28.232000,mt-2000-06-06-primary,2000-06-06 00:00:00,2000-06-06 00:00:00,primary,certified,False,President,,George Bush,,,,,Republican,,Teton,ocd-division/country:us/state:mt/county:teton,1195,,,,,2000
2016-01-30 15:57:28.232000,mt-2000-06-06-primary,2000-06-06 00:00:00,2000-06-06 00:00:00,primary,certified,False,President,,George Bush,,,,,Republican,,Sweet Grass,ocd-division/country:us/state:mt/county:sweet_grass,780,,,,,2000
2016-01-30 15:57:28.232000,mt-2000-06-06-primary,2000-06-06 00:00:00,2000-06-06 00:00:00,primary,certified,False,President,,George Bush,,,,,Republican,,Stillwater,ocd-division/country:us/state:mt/county:stillwater,1137,,,,,2000
2016-01-30 15:57:28.232000,mt-2000-06-06-primary,2000-06-06 00:00:00,2000-06-06 00:00:00,primary,certified,False,President,,George Bush,,,,,Republican,,Silver Bow,ocd-division/country:us/state:mt/county:silver_bow,2344,,,,,2000
2016-01-30 15:57:28.232000,mt-2000-06-06-primary,2000-06-06 00:00:00,2000-06-06 00:00:00,primary,certified,False,President,,George Bush,,,,,Republican,,Sheridan,ocd-division/country:us/state:mt/county:sheridan,462,,,,,2000
2016-01-30 15:57:28.232000,mt-2000-06-06-primary,2000-06-06 00:00:00,2000-06-06 00:00:00,primary,certified,False,President,,George Bush,,,,,Republican,,Sanders,ocd-division/country:us/state:mt/county:sanders,1134,,,,,2000
2016-01-30 15:57:28.232000,mt-2000-06-06-primary,2000-06-06 00:00:00,2000-06-06 00:00:00,primary,certified,False,President,,George Bush,,,,,Republican,,Rosebud,ocd-division/country:us/state:mt/county:rosebud,617,,,,,2000
2016-01-30 15:57:28.232000,mt-2000-06-06-primary,2000-06-06 00:00:00,2000-06-06 00:00:00,primary,certified,False,President,,George Bush,,,,,Republican,,Roosevelt,ocd-division/country:us/state:mt/county:roosevelt,489,,,,,2000
2016-01-30 15:57:28.232000,mt-2000-06-06-primary,2000-06-06 00:00:00,2000-06-06 00:00:00,primary,certified,False,President,,George Bush,,,,,Republican,,Richland,ocd-division/country:us/state:mt/county:richland,989,,,,,2000
2016-01-30 15:57:28.232000,mt-2000-06-06-primary,2000-06-06 00:00:00,2000-06-06 00:00:00,primary,certified,False,President,,George Bush,,,,,Republican,,Ravalli,ocd-division/country:us/state:mt/county:ravalli,5044,,,,,2000
2016-01-30 15:57:28.232000,mt-2000-06-06-primary,2000-06-06 00:00:00,2000-06-06 00:00:00,primary,certified,False,President,,George Bush,,,,,Republican,,Prairie,ocd-division/country:us/state:mt/county:prairie,356,,,,,2000
2016-01-30 15:57:28.232000,mt-2000-06-06-primary,2000-06-06 00:00:00,2000-06-06 00:00:00,primary,certified,False,President,,George Bush,,,,,Republican,,Powell,ocd-division/country:us/state:mt/county:powell,807,,,,,2000
2016-01-30 15:57:28.232000,mt-2000-06-06-primary,2000-06-06 00:00:00,2000-06-06 00:00:00,primary,certified,False,President,,George Bush,,,,,Republican,,Powder River,ocd-division/country:us/state:mt/county:powder_river,480,,,,,2000
2016-01-30 15:57:28.232000,mt-2000-06-06-primary,2000-06-06 00:00:00,2000-06-06 00:00:00,primary,certified,False,President,,George Bush,,,,,Republican,,Pondera,ocd-division/country:us/state:mt/county:pondera,887,,,,,2000
2016-01-30 15:57:28.232000,mt-2000-06-06-primary,2000-06-06 00:00:00,2000-06-06 00:00:00,primary,certified,False,President,,George Bush,,,,,Republican,,Phillips,ocd-division/country:us/state:mt/county:phillips,1011,,,,,2000
2016-01-30 15:57:28.232000,mt-2000-06-06-primary,2000-06-06 00:00:00,2000-06-06 00:00:00,primary,certified,False,President,,George Bush,,,,,Republican,,Petroleum,ocd-division/country:us/state:mt/county:petroleum,111,,,,,2000
2016-01-30 15:57:28.232000,mt-2000-06-06-primary,2000-06-06 00:00:00,2000-06-06 00:00:00,primary,certified,False,President,,George Bush,,,,,Republican,,Park,ocd-division/country:us/state:mt/county:park,1705,,,,,2000
2016-01-30 15:57:28.232000,mt-2000-06-06-primary,2000-06-06 00:00:00,2000-06-06 00:00:00,primary,certified,False,President,,George Bush,,,,,Republican,,Musselshell,ocd-division/country:us/state:mt/county:musselshell,927,,,,,2000
2016-01-30 15:57:28.232000,mt-2000-06-06-primary,2000-06-06 00:00:00,2000-06-06 00:00:00,primary,certified,False,President,,George Bush,,,,,Republican,,Missoula,ocd-division/country:us/state:mt/county:missoula,6166,,,,,2000
2016-01-30 15:57:28.232000,mt-2000-06-06-primary,2000-06-06 00:00:00,2000-06-06 00:00:00,primary,certified,False,President,,George Bush,,,,,Republican,,Mineral,ocd-division/country:us/state:mt/county:mineral,295,,,,,2000
2016-01-30 15:57:28.232000,mt-2000-06-06-primary,2000-06-06 00:00:00,2000-06-06 00:00:00,primary,certified,False,President,,George Bush,,,,,Republican,,Meagher,ocd-division/country:us/state:mt/county:meagher,323,,,,,2000
2016-01-30 15:57:28.232000,mt-2000-06-06-primary,2000-06-06 00:00:00,2000-06-06 00:00:00,primary,certified,False,President,,George Bush,,,,,Republican,,McCone,ocd-division/country:us/state:mt/county:mccone,368,,,,,2000
2016-01-30 15:57:28.232000,mt-2000-06-06-primary,2000-06-06 00:00:00,2000-06-06 00:00:00,primary,certified,False,President,,George Bush,,,,,Republican,,Madison,ocd-division/country:us/state:mt/county:madison,1240,,,,,2000
2016-01-30 15:57:28.232000,mt-2000-06-06-primary,2000-06-06 00:00:00,2000-06-06 00:00:00,primary,certified,False,President,,George Bush,,,,,Republican,,Lincoln,ocd-division/country:us/state:mt/county:lincoln,1992,,,,,2000
2016-01-30 15:57:28.232000,mt-2000-06-06-primary,2000-06-06 00:00:00,2000-06-06 00:00:00,primary,certified,False,President,,George Bush,,,,,Republican,,Liberty,ocd-division/country:us/state:mt/county:liberty,427,,,,,2000
2016-01-30 15:57:28.232000,mt-2000-06-06-primary,2000-06-06 00:00:00,2000-06-06 00:00:00,primary,certified,False,President,,George Bush,,,,,Republican,,Lewis & Clark,ocd-division/country:us/state:mt/county:lewis_and_clark,4369,,,,,2000
2016-01-30 15:57:28.232000,mt-2000-06-06-primary,2000-06-06 00:00:00,2000-06-06 00:00:00,primary,certified,False,President,,George Bush,,,,,Republican,,Lake,ocd-division/country:us/state:mt/county:lake,2586,,,,,2000
2016-01-30 15:57:28.232000,mt-2000-06-06-primary,2000-06-06 00:00:00,2000-06-06 00:00:00,primary,certified,False,President,,George Bush,,,,,Republican,,Judith Basin,ocd-division/country:us/state:mt/county:judith_basin,512,,,,,2000
2016-01-30 15:57:28.232000,mt-2000-06-06-primary,2000-06-06 00:00:00,2000-06-06 00:00:00,primary,certified,False,President,,George Bush,,,,,Republican,,Jefferson,ocd-division/country:us/state:mt/county:jefferson,1183,,,,,2000
2016-01-30 15:57:28.232000,mt-2000-06-06-primary,2000-06-06 00:00:00,2000-06-06 00:00:00,primary,certified,False,President,,George Bush,,,,,Republican,,Hill,ocd-division/country:us/state:mt/county:hill,1119,,,,,2000
2016-01-30 15:57:28.232000,mt-2000-06-06-primary,2000-06-06 00:00:00,2000-06-06 00:00:00,primary,certified,False,President,,George Bush,,,,,Republican,,Granite,ocd-division/country:us/state:mt/county:granite,528,,,,,2000
2016-01-30 15:57:28.232000,mt-2000-06-06-primary,2000-06-06 00:00:00,2000-06-06 00:00:00,primary,certified,False,President,,George Bush,,,,,Republican,,Golden Valley,ocd-division/country:us/state:mt/county:golden_valley,207,,,,,2000
2016-01-30 15:57:28.232000,mt-2000-06-06-primary,2000-06-06 00:00:00,2000-06-06 00:00:00,primary,certified,False,President,,George Bush,,,,,Republican,,Glacier,ocd-division/country:us/state:mt/county:glacier,511,,,,,2000
2016-01-30 15:57:28.232000,mt-2000-06-06-primary,2000-06-06 00:00:00,2000-06-06 00:00:00,primary,certified,False,President,,George Bush,,,,,Republican,,Garfield,ocd-division/country:us/state:mt/county:garfield,373,,,,,2000
2016-01-30 15:57:28.232000,mt-2000-06-06-primary,2000-06-06 00:00:00,2000-06-06 00:00:00,primary,certified,False,President,,George Bush,,,,,Republican,,Gallatin,ocd-division/country:us/state:mt/county:gallatin,5262,,,,,2000
2016-01-30 15:57:28.232000,mt-2000-06-06-primary,2000-06-06 00:00:00,2000-06-06 00:00:00,primary,certified,False,President,,George Bush,,,,,Republican,,Flathead,ocd-division/country:us/state:mt/county:flathead,7760,,,,,2000
2016-01-30 15:57:28.232000,mt-2000-06-06-primary,2000-06-06 00:00:00,2000-06-06 00:00:00,primary,certified,False,President,,George Bush,,,,,Republican,,Fergus,ocd-division/country:us/state:mt/county:fergus,2238,,,,,2000
2016-01-30 15:57:28.232000,mt-2000-06-06-primary,2000-06-06 00:00:00,2000-06-06 00:00:00,primary,certified,False,President,,George Bush,,,,,Republican,,Fallon,ocd-division/country:us/state:mt/county:fallon,531,,,,,2000
2016-01-30 15:57:28.232000,mt-2000-06-06-primary,2000-06-06 00:00:00,2000-06-06 00:00:00,primary,certified,False,President,,George Bush,,,,,Republican,,Deer Lodge,ocd-division/country:us/state:mt/county:deer_lodge,520,,,,,2000
2016-01-30 15:57:28.232000,mt-2000-06-06-primary,2000-06-06 00:00:00,2000-06-06 00:00:00,primary,certified,False,President,,George Bush,,,,,Republican,,Dawson,ocd-division/country:us/state:mt/county:dawson,1157,,,,,2000
2016-01-30 15:57:28.232000,mt-2000-06-06-primary,2000-06-06 00:00:00,2000-06-06 00:00:00,primary,certified,False,President,,George Bush,,,,,Republican,,Daniels,ocd-division/country:us/state:mt/county:daniels,411,,,,,2000
2016-01-30 15:57:28.232000,mt-2000-06-06-primary,2000-06-06 00:00:00,2000-06-06 00:00:00,primary,certified,False,President,,George Bush,,,,,Republican,,Custer,ocd-division/country:us/state:mt/county:custer,1299,,,,,2000
2016-01-30 15:57:28.232000,mt-2000-06-06-primary,2000-06-06 00:00:00,2000-06-06 00:00:00,primary,certified,False,President,,George Bush,,,,,Republican,,Chouteau,ocd-division/country:us/state:mt/county:chouteau,1153,,,,,2000
2016-01-30 15:57:28.232000,mt-2000-06-06-primary,2000-06-06 00:00:00,2000-06-06 00:00:00,primary,certified,False,President,,George Bush,,,,,Republican,,Cascade,ocd-division/country:us/state:mt/county:cascade,6209,,,,,2000
2016-01-30 15:57:28.232000,mt-2000-06-06-primary,2000-06-06 00:00:00,2000-06-06 00:00:00,primary,certified,False,President,,George Bush,,,,,Republican,,Carter,ocd-division/country:us/state:mt/county:carter,380,,,,,2000
2016-01-30 15:57:28.232000,mt-2000-06-06-primary,2000-06-06 00:00:00,2000-06-06 00:00:00,primary,certified,False,President,,George Bush,,,,,Republican,,Carbon,ocd-division/country:us/state:mt/county:carbon,1182,,,,,2000
2016-01-30 15:57:28.232000,mt-2000-06-06-primary,2000-06-06 00:00:00,2000-06-06 00:00:00,primary,certified,False,President,,George Bush,,,,,Republican,,Broadwater,ocd-division/country:us/state:mt/county:broadwater,588,,,,,2000
2016-01-30 15:57:28.232000,mt-2000-06-06-primary,2000-06-06 00:00:00,2000-06-06 00:00:00,primary,certified,False,President,,George Bush,,,,,Republican,,Blaine,ocd-division/country:us/state:mt/county:blaine,553,,,,,2000
2016-01-30 15:57:28.232000,mt-2000-06-06-primary,2000-06-06 00:00:00,2000-06-06 00:00:00,primary,certified,False,President,,George Bush,,,,,Republican,,Big Horn,ocd-division/country:us/state:mt/county:big_horn,685,,,,,2000
2016-01-30 15:57:28.232000,mt-2000-06-06-primary,2000-06-06 00:00:00,2000-06-06 00:00:00,primary,certified,False,President,,George Bush,,,,,Republican,,Beaverhead,ocd-division/country:us/state:mt/county:beaverhead,1757,,,,,2000
2016-01-30 15:57:28.232000,mt-2000-06-06-primary,2000-06-06 00:00:00,2000-06-06 00:00:00,primary,certified,False,President,,No Preference,,,,,Reform,,Yellowstone,ocd-division/country:us/state:mt/county:yellowstone,10,,,,,2000
2016-01-30 15:57:28.232000,mt-2000-06-06-primary,2000-06-06 00:00:00,2000-06-06 00:00:00,primary,certified,False,President,,No Preference,,,,,Reform,,Wibaux,ocd-division/country:us/state:mt/county:wibaux,0,,,,,2000
2016-01-30 15:57:28.232000,mt-2000-06-06-primary,2000-06-06 00:00:00,2000-06-06 00:00:00,primary,certified,False,President,,No Preference,,,,,Reform,,Wheatland,ocd-division/country:us/state:mt/county:wheatland,0,,,,,2000
2016-01-30 15:57:28.232000,mt-2000-06-06-primary,2000-06-06 00:00:00,2000-06-06 00:00:00,primary,certified,False,President,,No Preference,,,,,Reform,,Valley,ocd-division/country:us/state:mt/county:valley,6,,,,,2000
2016-01-30 15:57:28.232000,mt-2000-06-06-primary,2000-06-06 00:00:00,2000-06-06 00:00:00,primary,certified,False,President,,No Preference,,,,,Reform,,Treasure,ocd-division/country:us/state:mt/county:treasure,0,,,,,2000
2016-01-30 15:57:28.232000,mt-2000-06-06-primary,2000-06-06 00:00:00,2000-06-06 00:00:00,primary,certified,False,President,,No Preference,,,,,Reform,,Toole,ocd-division/country:us/state:mt/county:toole,3,,,,,2000
2016-01-30 15:57:28.232000,mt-2000-06-06-primary,2000-06-06 00:00:00,2000-06-06 00:00:00,primary,certified,False,President,,No Preference,,,,,Reform,,Teton,ocd-division/country:us/state:mt/county:teton,3,,,,,2000
2016-01-30 15:57:28.232000,mt-2000-06-06-primary,2000-06-06 00:00:00,2000-06-06 00:00:00,primary,certified,False,President,,No Preference,,,,,Reform,,Sweet Grass,ocd-division/country:us/state:mt/county:sweet_grass,1,,,,,2000
2016-01-30 15:57:28.232000,mt-2000-06-06-primary,2000-06-06 00:00:00,2000-06-06 00:00:00,primary,certified,False,President,,No Preference,,,,,Reform,,Stillwater,ocd-division/country:us/state:mt/county:stillwater,4,,,,,2000
2016-01-30 15:57:28.232000,mt-2000-06-06-primary,2000-06-06 00:00:00,2000-06-06 00:00:00,primary,certified,False,President,,No Preference,,,,,Reform,,Silver Bow,ocd-division/country:us/state:mt/county:silver_bow,72,,,,,2000
2016-01-30 15:57:28.232000,mt-2000-06-06-primary,2000-06-06 00:00:00,2000-06-06 00:00:00,primary,certified,False,President,,No Preference,,,,,Reform,,Sheridan,ocd-division/country:us/state:mt/county:sheridan,6,,,,,2000
2016-01-30 15:57:28.232000,mt-2000-06-06-primary,2000-06-06 00:00:00,2000-06-06 00:00:00,primary,certified,False,President,,No Preference,,,,,Reform,,Sanders,ocd-division/country:us/state:mt/county:sanders,18,,,,,2000
2016-01-30 15:57:28.232000,mt-2000-06-06-primary,2000-06-06 00:00:00,2000-06-06 00:00:00,primary,certified,False,President,,No Preference,,,,,Reform,,Rosebud,ocd-division/country:us/state:mt/county:rosebud,6,,,,,2000
2016-01-30 15:57:28.232000,mt-2000-06-06-primary,2000-06-06 00:00:00,2000-06-06 00:00:00,primary,certified,False,President,,No Preference,,,,,Reform,,Roosevelt,ocd-division/country:us/state:mt/county:roosevelt,7,,,,,2000
2016-01-30 15:57:28.232000,mt-2000-06-06-primary,2000-06-06 00:00:00,2000-06-06 00:00:00,primary,certified,False,President,,No Preference,,,,,Reform,,Richland,ocd-division/country:us/state:mt/county:richland,3,,,,,2000
2016-01-30 15:57:28.232000,mt-2000-06-06-primary,2000-06-06 00:00:00,2000-06-06 00:00:00,primary,certified,False,President,,No Preference,,,,,Reform,,Ravalli,ocd-division/country:us/state:mt/county:ravalli,0,,,,,2000
2016-01-30 15:57:28.232000,mt-2000-06-06-primary,2000-06-06 00:00:00,2000-06-06 00:00:00,primary,certified,False,President,,No Preference,,,,,Reform,,Prairie,ocd-division/country:us/state:mt/county:prairie,2,,,,,2000
2016-01-30 15:57:28.232000,mt-2000-06-06-primary,2000-06-06 00:00:00,2000-06-06 00:00:00,primary,certified,False,President,,No Preference,,,,,Reform,,Powell,ocd-division/country:us/state:mt/county:powell,2,,,,,2000
2016-01-30 15:57:28.232000,mt-2000-06-06-primary,2000-06-06 00:00:00,2000-06-06 00:00:00,primary,certified,False,President,,No Preference,,,,,Reform,,Powder River,ocd-division/country:us/state:mt/county:powder_river,0,,,,,2000
2016-01-30 15:57:28.232000,mt-2000-06-06-primary,2000-06-06 00:00:00,2000-06-06 00:00:00,primary,certified,False,President,,No Preference,,,,,Reform,,Pondera,ocd-division/country:us/state:mt/county:pondera,3,,,,,2000
2016-01-30 15:57:28.232000,mt-2000-06-06-primary,2000-06-06 00:00:00,2000-06-06 00:00:00,primary,certified,False,President,,No Preference,,,,,Reform,,Phillips,ocd-division/country:us/state:mt/county:phillips,0,,,,,2000
2016-01-30 15:57:28.232000,mt-2000-06-06-primary,2000-06-06 00:00:00,2000-06-06 00:00:00,primary,certified,False,President,,No Preference,,,,,Reform,,Petroleum,ocd-division/country:us/state:mt/county:petroleum,0,,,,,2000
2016-01-30 15:57:28.232000,mt-2000-06-06-primary,2000-06-06 00:00:00,2000-06-06 00:00:00,primary,certified,False,President,,No Preference,,,,,Reform,,Park,ocd-division/country:us/state:mt/county:park,19,,,,,2000
2016-01-30 15:57:28.232000,mt-2000-06-06-primary,2000-06-06 00:00:00,2000-06-06 00:00:00,primary,certified,False,President,,No Preference,,,,,Reform,,Musselshell,ocd-division/country:us/state:mt/county:musselshell,7,,,,,2000
2016-01-30 15:57:28.232000,mt-2000-06-06-primary,2000-06-06 00:00:00,2000-06-06 00:00:00,primary,certified,False,President,,No Preference,,,,,Reform,,Missoula,ocd-division/country:us/state:mt/county:missoula,62,,,,,2000
2016-01-30 15:57:28.232000,mt-2000-06-06-primary,2000-06-06 00:00:00,2000-06-06 00:00:00,primary,certified,False,President,,No Preference,,,,,Reform,,Mineral,ocd-division/country:us/state:mt/county:mineral,4,,,,,2000
2016-01-30 15:57:28.232000,mt-2000-06-06-primary,2000-06-06 00:00:00,2000-06-06 00:00:00,primary,certified,False,President,,No Preference,,,,,Reform,,Meagher,ocd-division/country:us/state:mt/county:meagher,1,,,,,2000
2016-01-30 15:57:28.232000,mt-2000-06-06-primary,2000-06-06 00:00:00,2000-06-06 00:00:00,primary,certified,False,President,,No Preference,,,,,Reform,,McCone,ocd-division/country:us/state:mt/county:mccone,1,,,,,2000
2016-01-30 15:57:28.232000,mt-2000-06-06-primary,2000-06-06 00:00:00,2000-06-06 00:00:00,primary,certified,False,President,,No Preference,,,,,Reform,,Madison,ocd-division/country:us/state:mt/county:madison,16,,,,,2000
2016-01-30 15:57:28.232000,mt-2000-06-06-primary,2000-06-06 00:00:00,2000-06-06 00:00:00,primary,certified,False,President,,No Preference,,,,,Reform,,Lincoln,ocd-division/country:us/state:mt/county:lincoln,28,,,,,2000
2016-01-30 15:57:28.232000,mt-2000-06-06-primary,2000-06-06 00:00:00,2000-06-06 00:00:00,primary,certified,False,President,,No Preference,,,,,Reform,,Liberty,ocd-division/country:us/state:mt/county:liberty,2,,,,,2000
2016-01-30 15:57:28.232000,mt-2000-06-06-primary,2000-06-06 00:00:00,2000-06-06 00:00:00,primary,certified,False,President,,No Preference,,,,,Reform,,Lewis & Clark,ocd-division/country:us/state:mt/county:lewis_and_clark,65,,,,,2000
2016-01-30 15:57:28.232000,mt-2000-06-06-primary,2000-06-06 00:00:00,2000-06-06 00:00:00,primary,certified,False,President,,No Preference,,,,,Reform,,Lake,ocd-division/country:us/state:mt/county:lake,15,,,,,2000
2016-01-30 15:57:28.232000,mt-2000-06-06-primary,2000-06-06 00:00:00,2000-06-06 00:00:00,primary,certified,False,President,,No Preference,,,,,Reform,,Judith Basin,ocd-division/country:us/state:mt/county:judith_basin,2,,,,,2000
2016-01-30 15:57:28.232000,mt-2000-06-06-primary,2000-06-06 00:00:00,2000-06-06 00:00:00,primary,certified,False,President,,No Preference,,,,,Reform,,Jefferson,ocd-division/country:us/state:mt/county:jefferson,14,,,,,2000
2016-01-30 15:57:28.232000,mt-2000-06-06-primary,2000-06-06 00:00:00,2000-06-06 00:00:00,primary,certified,False,President,,No Preference,,,,,Reform,,Hill,ocd-division/country:us/state:mt/county:hill,10,,,,,2000
2016-01-30 15:57:28.232000,mt-2000-06-06-primary,2000-06-06 00:00:00,2000-06-06 00:00:00,primary,certified,False,President,,No Preference,,,,,Reform,,Granite,ocd-division/country:us/state:mt/county:granite,0,,,,,2000
2016-01-30 15:57:28.232000,mt-2000-06-06-primary,2000-06-06 00:00:00,2000-06-06 00:00:00,primary,certified,False,President,,No Preference,,,,,Reform,,Golden Valley,ocd-division/country:us/state:mt/county:golden_valley,1,,,,,2000
2016-01-30 15:57:28.232000,mt-2000-06-06-primary,2000-06-06 00:00:00,2000-06-06 00:00:00,primary,certified,False,President,,No Preference,,,,,Reform,,Glacier,ocd-division/country:us/state:mt/county:glacier,3,,,,,2000
2016-01-30 15:57:28.232000,mt-2000-06-06-primary,2000-06-06 00:00:00,2000-06-06 00:00:00,primary,certified,False,President,,No Preference,,,,,Reform,,Garfield,ocd-division/country:us/state:mt/county:garfield,0,,,,,2000
2016-01-30 15:57:28.232000,mt-2000-06-06-primary,2000-06-06 00:00:00,2000-06-06 00:00:00,primary,certified,False,President,,No Preference,,,,,Reform,,Gallatin,ocd-division/country:us/state:mt/county:gallatin,16,,,,,2000
2016-01-30 15:57:28.232000,mt-2000-06-06-primary,2000-06-06 00:00:00,2000-06-06 00:00:00,primary,certified,False,President,,No Preference,,,,,Reform,,Flathead,ocd-division/country:us/state:mt/county:flathead,69,,,,,2000
2016-01-30 15:57:28.232000,mt-2000-06-06-primary,2000-06-06 00:00:00,2000-06-06 00:00:00,primary,certified,False,President,,No Preference,,,,,Reform,,Fergus,ocd-division/country:us/state:mt/county:fergus,15,,,,,2000
2016-01-30 15:57:28.232000,mt-2000-06-06-primary,2000-06-06 00:00:00,2000-06-06 00:00:00,primary,certified,False,President,,No Preference,,,,,Reform,,Fallon,ocd-division/country:us/state:mt/county:fallon,4,,,,,2000
2016-01-30 15:57:28.232000,mt-2000-06-06-primary,2000-06-06 00:00:00,2000-06-06 00:00:00,primary,certified,False,President,,No Preference,,,,,Reform,,Deer Lodge,ocd-division/country:us/state:mt/county:deer_lodge,22,,,,,2000
2016-01-30 15:57:28.232000,mt-2000-06-06-primary,2000-06-06 00:00:00,2000-06-06 00:00:00,primary,certified,False,President,,No Preference,,,,,Reform,,Dawson,ocd-division/country:us/state:mt/county:dawson,0,,,,,2000
2016-01-30 15:57:28.232000,mt-2000-06-06-primary,2000-06-06 00:00:00,2000-06-06 00:00:00,primary,certified,False,President,,No Preference,,,,,Reform,,Daniels,ocd-division/country:us/state:mt/county:daniels,0,,,,,2000
2016-01-30 15:57:28.232000,mt-2000-06-06-primary,2000-06-06 00:00:00,2000-06-06 00:00:00,primary,certified,False,President,,No Preference,,,,,Reform,,Custer,ocd-division/country:us/state:mt/county:custer,11,,,,,2000
2016-01-30 15:57:28.232000,mt-2000-06-06-primary,2000-06-06 00:00:00,2000-06-06 00:00:00,primary,certified,False,President,,No Preference,,,,,Reform,,Chouteau,ocd-division/country:us/state:mt/county:chouteau,1,,,,,2000
2016-01-30 15:57:28.232000,mt-2000-06-06-primary,2000-06-06 00:00:00,2000-06-06 00:00:00,primary,certified,False,President,,No Preference,,,,,Reform,,Cascade,ocd-division/country:us/state:mt/county:cascade,42,,,,,2000
2016-01-30 15:57:28.232000,mt-2000-06-06-primary,2000-06-06 00:00:00,2000-06-06 00:00:00,primary,certified,False,President,,No Preference,,,,,Reform,,Carter,ocd-division/country:us/state:mt/county:carter,0,,,,,2000
2016-01-30 15:57:28.232000,mt-2000-06-06-primary,2000-06-06 00:00:00,2000-06-06 00:00:00,primary,certified,False,President,,No Preference,,,,,Reform,,Carbon,ocd-division/country:us/state:mt/county:carbon,5,,,,,2000
2016-01-30 15:57:28.232000,mt-2000-06-06-primary,2000-06-06 00:00:00,2000-06-06 00:00:00,primary,certified,False,President,,No Preference,,,,,Reform,,Broadwater,ocd-division/country:us/state:mt/county:broadwater,27,,,,,2000
2016-01-30 15:57:28.232000,mt-2000-06-06-primary,2000-06-06 00:00:00,2000-06-06 00:00:00,primary,certified,False,President,,No Preference,,,,,Reform,,Blaine,ocd-division/country:us/state:mt/county:blaine,5,,,,,2000
2016-01-30 15:57:28.232000,mt-2000-06-06-primary,2000-06-06 00:00:00,2000-06-06 00:00:00,primary,certified,False,President,,No Preference,,,,,Reform,,Big Horn,ocd-division/country:us/state:mt/county:big_horn,2,,,,,2000
2016-01-30 15:57:28.232000,mt-2000-06-06-primary,2000-06-06 00:00:00,2000-06-06 00:00:00,primary,certified,False,President,,No Preference,,,,,Reform,,Beaverhead,ocd-division/country:us/state:mt/county:beaverhead,2,,,,,2000
2016-01-30 15:57:28.232000,mt-2000-06-06-primary,2000-06-06 00:00:00,2000-06-06 00:00:00,primary,certified,False,President,,No Preference,,,,,Democrat,,Yellowstone,ocd-division/country:us/state:mt/county:yellowstone,1659,,,,,2000
2016-01-30 15:57:28.232000,mt-2000-06-06-primary,2000-06-06 00:00:00,2000-06-06 00:00:00,primary,certified,False,President,,No Preference,,,,,Democrat,,Wibaux,ocd-division/country:us/state:mt/county:wibaux,48,,,,,2000
2016-01-30 15:57:28.232000,mt-2000-06-06-primary,2000-06-06 00:00:00,2000-06-06 00:00:00,primary,certified,False,President,,No Preference,,,,,Democrat,,Wheatland,ocd-division/country:us/state:mt/county:wheatland,6,,,,,2000
2016-01-30 15:57:28.232000,mt-2000-06-06-primary,2000-06-06 00:00:00,2000-06-06 00:00:00,primary,certified,False,President,,No Preference,,,,,Democrat,,Valley,ocd-division/country:us/state:mt/county:valley,215,,,,,2000
2016-01-30 15:57:28.232000,mt-2000-06-06-primary,2000-06-06 00:00:00,2000-06-06 00:00:00,primary,certified,False,President,,No Preference,,,,,Democrat,,Treasure,ocd-division/country:us/state:mt/county:treasure,29,,,,,2000
2016-01-30 15:57:28.232000,mt-2000-06-06-primary,2000-06-06 00:00:00,2000-06-06 00:00:00,primary,certified,False,President,,No Preference,,,,,Democrat,,Toole,ocd-division/country:us/state:mt/county:toole,110,,,,,2000
2016-01-30 15:57:28.232000,mt-2000-06-06-primary,2000-06-06 00:00:00,2000-06-06 00:00:00,primary,certified,False,President,,No Preference,,,,,Democrat,,Teton,ocd-division/country:us/state:mt/county:teton,87,,,,,2000
2016-01-30 15:57:28.232000,mt-2000-06-06-primary,2000-06-06 00:00:00,2000-06-06 00:00:00,primary,certified,False,President,,No Preference,,,,,Democrat,,Sweet Grass,ocd-division/country:us/state:mt/county:sweet_grass,37,,,,,2000
2016-01-30 15:57:28.232000,mt-2000-06-06-primary,2000-06-06 00:00:00,2000-06-06 00:00:00,primary,certified,False,President,,No Preference,,,,,Democrat,,Stillwater,ocd-division/country:us/state:mt/county:stillwater,116,,,,,2000
2016-01-30 15:57:28.232000,mt-2000-06-06-primary,2000-06-06 00:00:00,2000-06-06 00:00:00,primary,certified,False,President,,No Preference,,,,,Democrat,,Silver Bow,ocd-division/country:us/state:mt/county:silver_bow,1554,,,,,2000
2016-01-30 15:57:28.232000,mt-2000-06-06-primary,2000-06-06 00:00:00,2000-06-06 00:00:00,primary,certified,False,President,,No Preference,,,,,Democrat,,Sheridan,ocd-division/country:us/state:mt/county:sheridan,97,,,,,2000
2016-01-30 15:57:28.232000,mt-2000-06-06-primary,2000-06-06 00:00:00,2000-06-06 00:00:00,primary,certified,False,President,,No Preference,,,,,Democrat,,Sanders,ocd-division/country:us/state:mt/county:sanders,248,,,,,2000
2016-01-30 15:57:28.232000,mt-2000-06-06-primary,2000-06-06 00:00:00,2000-06-06 00:00:00,primary,certified,False,President,,No Preference,,,,,Democrat,,Rosebud,ocd-division/country:us/state:mt/county:rosebud,148,,,,,2000
2016-01-30 15:57:28.232000,mt-2000-06-06-primary,2000-06-06 00:00:00,2000-06-06 00:00:00,primary,certified,False,President,,No Preference,,,,,Democrat,,Roosevelt,ocd-division/country:us/state:mt/county:roosevelt,234,,,,,2000
2016-01-30 15:57:28.232000,mt-2000-06-06-primary,2000-06-06 00:00:00,2000-06-06 00:00:00,primary,certified,False,President,,No Preference,,,,,Democrat,,Richland,ocd-division/country:us/state:mt/county:richland,189,,,,,2000
2016-01-30 15:57:28.232000,mt-2000-06-06-primary,2000-06-06 00:00:00,2000-06-06 00:00:00,primary,certified,False,President,,No Preference,,,,,Democrat,,Ravalli,ocd-division/country:us/state:mt/county:ravalli,445,,,,,2000
2016-01-30 15:57:28.232000,mt-2000-06-06-primary,2000-06-06 00:00:00,2000-06-06 00:00:00,primary,certified,False,President,,No Preference,,,,,Democrat,,Prairie,ocd-division/country:us/state:mt/county:prairie,13,,,,,2000
2016-01-30 15:57:28.232000,mt-2000-06-06-primary,2000-06-06 00:00:00,2000-06-06 00:00:00,primary,certified,False,President,,No Preference,,,,,Democrat,,Powell,ocd-division/country:us/state:mt/county:powell,149,,,,,2000
2016-01-30 15:57:28.232000,mt-2000-06-06-primary,2000-06-06 00:00:00,2000-06-06 00:00:00,primary,certified,False,President,,No Preference,,,,,Democrat,,Powder River,ocd-division/country:us/state:mt/county:powder_river,4,,,,,2000
2016-01-30 15:57:28.232000,mt-2000-06-06-primary,2000-06-06 00:00:00,2000-06-06 00:00:00,primary,certified,False,President,,No Preference,,,,,Democrat,,Pondera,ocd-division/country:us/state:mt/county:pondera,213,,,,,2000
2016-01-30 15:57:28.232000,mt-2000-06-06-primary,2000-06-06 00:00:00,2000-06-06 00:00:00,primary,certified,False,President,,No Preference,,,,,Democrat,,Phillips,ocd-division/country:us/state:mt/county:phillips,44,,,,,2000
2016-01-30 15:57:28.232000,mt-2000-06-06-primary,2000-06-06 00:00:00,2000-06-06 00:00:00,primary,certified,False,President,,No Preference,,,,,Democrat,,Petroleum,ocd-division/country:us/state:mt/county:petroleum,5,,,,,2000
2016-01-30 15:57:28.232000,mt-2000-06-06-primary,2000-06-06 00:00:00,2000-06-06 00:00:00,primary,certified,False,President,,No Preference,,,,,Democrat,,Park,ocd-division/country:us/state:mt/county:park,225,,,,,2000
2016-01-30 15:57:28.232000,mt-2000-06-06-primary,2000-06-06 00:00:00,2000-06-06 00:00:00,primary,certified,False,President,,No Preference,,,,,Democrat,,Musselshell,ocd-division/country:us/state:mt/county:musselshell,60,,,,,2000
2016-01-30 15:57:28.232000,mt-2000-06-06-primary,2000-06-06 00:00:00,2000-06-06 00:00:00,primary,certified,False,President,,No Preference,,,,,Democrat,,Missoula,ocd-division/country:us/state:mt/county:missoula,2365,,,,,2000
2016-01-30 15:57:28.232000,mt-2000-06-06-primary,2000-06-06 00:00:00,2000-06-06 00:00:00,primary,certified,False,President,,No Preference,,,,,Democrat,,Mineral,ocd-division/country:us/state:mt/county:mineral,200,,,,,2000
2016-01-30 15:57:28.232000,mt-2000-06-06-primary,2000-06-06 00:00:00,2000-06-06 00:00:00,primary,certified,False,President,,No Preference,,,,,Democrat,,Meagher,ocd-division/country:us/state:mt/county:meagher,32,,,,,2000
2016-01-30 15:57:28.232000,mt-2000-06-06-primary,2000-06-06 00:00:00,2000-06-06 00:00:00,primary,certified,False,President,,No Preference,,,,,Democrat,,McCone,ocd-division/country:us/state:mt/county:mccone,41,,,,,2000
2016-01-30 15:57:28.232000,mt-2000-06-06-primary,2000-06-06 00:00:00,2000-06-06 00:00:00,primary,certified,False,President,,No Preference,,,,,Democrat,,Madison,ocd-division/country:us/state:mt/county:madison,110,,,,,2000
2016-01-30 15:57:28.232000,mt-2000-06-06-primary,2000-06-06 00:00:00,2000-06-06 00:00:00,primary,certified,False,President,,No Preference,,,,,Democrat,,Lincoln,ocd-division/country:us/state:mt/county:lincoln,393,,,,,2000
2016-01-30 15:57:28.232000,mt-2000-06-06-primary,2000-06-06 00:00:00,2000-06-06 00:00:00,primary,certified,False,President,,No Preference,,,,,Democrat,,Liberty,ocd-division/country:us/state:mt/county:liberty,64,,,,,2000
2016-01-30 15:57:28.232000,mt-2000-06-06-primary,2000-06-06 00:00:00,2000-06-06 00:00:00,primary,certified,False,President,,No Preference,,,,,Democrat,,Lewis & Clark,ocd-division/country:us/state:mt/county:lewis_and_clark,2595,,,,,2000
2016-01-30 15:57:28.232000,mt-2000-06-06-primary,2000-06-06 00:00:00,2000-06-06 00:00:00,primary,certified,False,President,,No Preference,,,,,Democrat,,Lake,ocd-division/country:us/state:mt/county:lake,332,,,,,2000
2016-01-30 15:57:28.232000,mt-2000-06-06-primary,2000-06-06 00:00:00,2000-06-06 00:00:00,primary,certified,False,President,,No Preference,,,,,Democrat,,Judith Basin,ocd-division/country:us/state:mt/county:judith_basin,64,,,,,2000
2016-01-30 15:57:28.232000,mt-2000-06-06-primary,2000-06-06 00:00:00,2000-06-06 00:00:00,primary,certified,False,President,,No Preference,,,,,Democrat,,Jefferson,ocd-division/country:us/state:mt/county:jefferson,429,,,,,2000
2016-01-30 15:57:28.232000,mt-2000-06-06-primary,2000-06-06 00:00:00,2000-06-06 00:00:00,primary,certified,False,President,,No Preference,,,,,Democrat,,Hill,ocd-division/country:us/state:mt/county:hill,476,,,,,2000
2016-01-30 15:57:28.232000,mt-2000-06-06-primary,2000-06-06 00:00:00,2000-06-06 00:00:00,primary,certified,False,President,,No Preference,,,,,Democrat,,Granite,ocd-division/country:us/state:mt/county:granite,68,,,,,2000
2016-01-30 15:57:28.232000,mt-2000-06-06-primary,2000-06-06 00:00:00,2000-06-06 00:00:00,primary,certified,False,President,,No Preference,,,,,Democrat,,Golden Valley,ocd-division/country:us/state:mt/county:golden_valley,20,,,,,2000
2016-01-30 15:57:28.232000,mt-2000-06-06-primary,2000-06-06 00:00:00,2000-06-06 00:00:00,primary,certified,False,President,,No Preference,,,,,Democrat,,Glacier,ocd-division/country:us/state:mt/county:glacier,445,,,,,2000
2016-01-30 15:57:28.232000,mt-2000-06-06-primary,2000-06-06 00:00:00,2000-06-06 00:00:00,primary,certified,False,President,,No Preference,,,,,Democrat,,Garfield,ocd-division/country:us/state:mt/county:garfield,25,,,,,2000
2016-01-30 15:57:28.232000,mt-2000-06-06-primary,2000-06-06 00:00:00,2000-06-06 00:00:00,primary,certified,False,President,,No Preference,,,,,Democrat,,Gallatin,ocd-division/country:us/state:mt/county:gallatin,623,,,,,2000
2016-01-30 15:57:28.232000,mt-2000-06-06-primary,2000-06-06 00:00:00,2000-06-06 00:00:00,primary,certified,False,President,,No Preference,,,,,Democrat,,Flathead,ocd-division/country:us/state:mt/county:flathead,1238,,,,,2000
2016-01-30 15:57:28.232000,mt-2000-06-06-primary,2000-06-06 00:00:00,2000-06-06 00:00:00,primary,certified,False,President,,No Preference,,,,,Democrat,,Fergus,ocd-division/country:us/state:mt/county:fergus,268,,,,,2000
2016-01-30 15:57:28.232000,mt-2000-06-06-primary,2000-06-06 00:00:00,2000-06-06 00:00:00,primary,certified,False,President,,No Preference,,,,,Democrat,,Fallon,ocd-division/country:us/state:mt/county:fallon,68,,,,,2000
2016-01-30 15:57:28.232000,mt-2000-06-06-primary,2000-06-06 00:00:00,2000-06-06 00:00:00,primary,certified,False,President,,No Preference,,,,,Democrat,,Deer Lodge,ocd-division/country:us/state:mt/county:deer_lodge,506,,,,,2000
2016-01-30 15:57:28.232000,mt-2000-06-06-primary,2000-06-06 00:00:00,2000-06-06 00:00:00,primary,certified,False,President,,No Preference,,,,,Democrat,,Dawson,ocd-division/country:us/state:mt/county:dawson,135,,,,,2000
2016-01-30 15:57:28.232000,mt-2000-06-06-primary,2000-06-06 00:00:00,2000-06-06 00:00:00,primary,certified,False,President,,No Preference,,,,,Democrat,,Daniels,ocd-division/country:us/state:mt/county:daniels,13,,,,,2000
2016-01-30 15:57:28.232000,mt-2000-06-06-primary,2000-06-06 00:00:00,2000-06-06 00:00:00,primary,certified,False,President,,No Preference,,,,,Democrat,,Custer,ocd-division/country:us/state:mt/county:custer,222,,,,,2000
2016-01-30 15:57:28.232000,mt-2000-06-06-primary,2000-06-06 00:00:00,2000-06-06 00:00:00,primary,certified,False,President,,No Preference,,,,,Democrat,,Chouteau,ocd-division/country:us/state:mt/county:chouteau,107,,,,,2000
2016-01-30 15:57:28.232000,mt-2000-06-06-primary,2000-06-06 00:00:00,2000-06-06 00:00:00,primary,certified,False,President,,No Preference,,,,,Democrat,,Cascade,ocd-division/country:us/state:mt/county:cascade,1986,,,,,2000
2016-01-30 15:57:28.232000,mt-2000-06-06-primary,2000-06-06 00:00:00,2000-06-06 00:00:00,primary,certified,False,President,,No Preference,,,,,Democrat,,Carter,ocd-division/country:us/state:mt/county:carter,14,,,,,2000
2016-01-30 15:57:28.232000,mt-2000-06-06-primary,2000-06-06 00:00:00,2000-06-06 00:00:00,primary,certified,False,President,,No Preference,,,,,Democrat,,Carbon,ocd-division/country:us/state:mt/county:carbon,188,,,,,2000
2016-01-30 15:57:28.232000,mt-2000-06-06-primary,2000-06-06 00:00:00,2000-06-06 00:00:00,primary,certified,False,President,,No Preference,,,,,Democrat,,Broadwater,ocd-division/country:us/state:mt/county:broadwater,136,,,,,2000
2016-01-30 15:57:28.232000,mt-2000-06-06-primary,2000-06-06 00:00:00,2000-06-06 00:00:00,primary,certified,False,President,,No Preference,,,,,Democrat,,Blaine,ocd-division/country:us/state:mt/county:blaine,129,,,,,2000
2016-01-30 15:57:28.232000,mt-2000-06-06-primary,2000-06-06 00:00:00,2000-06-06 00:00:00,primary,certified,False,President,,No Preference,,,,,Democrat,,Big Horn,ocd-division/country:us/state:mt/county:big_horn,159,,,,,2000
2016-01-30 15:57:28.232000,mt-2000-06-06-primary,2000-06-06 00:00:00,2000-06-06 00:00:00,primary,certified,False,President,,No Preference,,,,,Democrat,,Beaverhead,ocd-division/country:us/state:mt/county:beaverhead,61,,,,,2000
2016-01-30 15:57:28.232000,mt-2000-06-06-primary,2000-06-06 00:00:00,2000-06-06 00:00:00,primary,certified,False,President,,Al Gore,,,,,Democrat,,Yellowstone,ocd-division/country:us/state:mt/county:yellowstone,8102,,,,,2000
2016-01-30 15:57:28.232000,mt-2000-06-06-primary,2000-06-06 00:00:00,2000-06-06 00:00:00,primary,certified,False,President,,Al Gore,,,,,Democrat,,Wibaux,ocd-division/country:us/state:mt/county:wibaux,73,,,,,2000
2016-01-30 15:57:28.232000,mt-2000-06-06-primary,2000-06-06 00:00:00,2000-06-06 00:00:00,primary,certified,False,President,,Al Gore,,,,,Democrat,,Wheatland,ocd-division/country:us/state:mt/county:wheatland,126,,,,,2000
2016-01-30 15:57:28.232000,mt-2000-06-06-primary,2000-06-06 00:00:00,2000-06-06 00:00:00,primary,certified,False,President,,Al Gore,,,,,Democrat,,Valley,ocd-division/country:us/state:mt/county:valley,648,,,,,2000
2016-01-30 15:57:28.232000,mt-2000-06-06-primary,2000-06-06 00:00:00,2000-06-06 00:00:00,primary,certified,False,President,,Al Gore,,,,,Democrat,,Treasure,ocd-division/country:us/state:mt/county:treasure,59,,,,,2000
2016-01-30 15:57:28.232000,mt-2000-06-06-primary,2000-06-06 00:00:00,2000-06-06 00:00:00,primary,certified,False,President,,Al Gore,,,,,Democrat,,Toole,ocd-division/country:us/state:mt/county:toole,370,,,,,2000
2016-01-30 15:57:28.232000,mt-2000-06-06-primary,2000-06-06 00:00:00,2000-06-06 00:00:00,primary,certified,False,President,,Al Gore,,,,,Democrat,,Teton,ocd-division/country:us/state:mt/county:teton,473,,,,,2000
2016-01-30 15:57:28.232000,mt-2000-06-06-primary,2000-06-06 00:00:00,2000-06-06 00:00:00,primary,certified,False,President,,Al Gore,,,,,Democrat,,Sweet Grass,ocd-division/country:us/state:mt/county:sweet_grass,117,,,,,2000
2016-01-30 15:57:28.232000,mt-2000-06-06-primary,2000-06-06 00:00:00,2000-06-06 00:00:00,primary,certified,False,President,,Al Gore,,,,,Democrat,,Stillwater,ocd-division/country:us/state:mt/county:stillwater,498,,,,,2000
2016-01-30 15:57:28.232000,mt-2000-06-06-primary,2000-06-06 00:00:00,2000-06-06 00:00:00,primary,certified,False,President,,Al Gore,,,,,Democrat,,Silver Bow,ocd-division/country:us/state:mt/county:silver_bow,7037,,,,,2000
2016-01-30 15:57:28.232000,mt-2000-06-06-primary,2000-06-06 00:00:00,2000-06-06 00:00:00,primary,certified,False,President,,Al Gore,,,,,Democrat,,Sheridan,ocd-division/country:us/state:mt/county:sheridan,348,,,,,2000
2016-01-30 15:57:28.232000,mt-2000-06-06-primary,2000-06-06 00:00:00,2000-06-06 00:00:00,primary,certified,False,President,,Al Gore,,,,,Democrat,,Sanders,ocd-division/country:us/state:mt/county:sanders,632,,,,,2000
2016-01-30 15:57:28.232000,mt-2000-06-06-primary,2000-06-06 00:00:00,2000-06-06 00:00:00,primary,certified,False,President,,Al Gore,,,,,Democrat,,Rosebud,ocd-division/country:us/state:mt/county:rosebud,532,,,,,2000
2016-01-30 15:57:28.232000,mt-2000-06-06-primary,2000-06-06 00:00:00,2000-06-06 00:00:00,primary,certified,False,President,,Al Gore,,,,,Democrat,,Roosevelt,ocd-division/country:us/state:mt/county:roosevelt,667,,,,,2000
2016-01-30 15:57:28.232000,mt-2000-06-06-primary,2000-06-06 00:00:00,2000-06-06 00:00:00,primary,certified,False,President,,Al Gore,,,,,Democrat,,Richland,ocd-division/country:us/state:mt/county:richland,501,,,,,2000
2016-01-30 15:57:28.232000,mt-2000-06-06-primary,2000-06-06 00:00:00,2000-06-06 00:00:00,primary,certified,False,President,,Al Gore,,,,,Democrat,,Ravalli,ocd-division/country:us/state:mt/county:ravalli,1971,,,,,2000
2016-01-30 15:57:28.232000,mt-2000-06-06-primary,2000-06-06 00:00:00,2000-06-06 00:00:00,primary,certified,False,President,,Al Gore,,,,,Democrat,,Prairie,ocd-division/country:us/state:mt/county:prairie,95,,,,,2000
2016-01-30 15:57:28.232000,mt-2000-06-06-primary,2000-06-06 00:00:00,2000-06-06 00:00:00,primary,certified,False,President,,Al Gore,,,,,Democrat,,Powell,ocd-division/country:us/state:mt/county:powell,367,,,,,2000
2016-01-30 15:57:28.232000,mt-2000-06-06-primary,2000-06-06 00:00:00,2000-06-06 00:00:00,primary,certified,False,President,,Al Gore,,,,,Democrat,,Powder River,ocd-division/country:us/state:mt/county:powder_river,42,,,,,2000
2016-01-30 15:57:28.232000,mt-2000-06-06-primary,2000-06-06 00:00:00,2000-06-06 00:00:00,primary,certified,False,President,,Al Gore,,,,,Democrat,,Pondera,ocd-division/country:us/state:mt/county:pondera,544,,,,,2000
2016-01-30 15:57:28.232000,mt-2000-06-06-primary,2000-06-06 00:00:00,2000-06-06 00:00:00,primary,certified,False,President,,Al Gore,,,,,Democrat,,Phillips,ocd-division/country:us/state:mt/county:phillips,158,,,,,2000
2016-01-30 15:57:28.232000,mt-2000-06-06-primary,2000-06-06 00:00:00,2000-06-06 00:00:00,primary,certified,False,President,,Al Gore,,,,,Democrat,,Petroleum,ocd-division/country:us/state:mt/county:petroleum,23,,,,,2000
2016-01-30 15:57:28.232000,mt-2000-06-06-primary,2000-06-06 00:00:00,2000-06-06 00:00:00,primary,certified,False,President,,Al Gore,,,,,Democrat,,Park,ocd-division/country:us/state:mt/county:park,889,,,,,2000
2016-01-30 15:57:28.232000,mt-2000-06-06-primary,2000-06-06 00:00:00,2000-06-06 00:00:00,primary,certified,False,President,,Al Gore,,,,,Democrat,,Musselshell,ocd-division/country:us/state:mt/county:musselshell,276,,,,,2000
2016-01-30 15:57:28.232000,mt-2000-06-06-primary,2000-06-06 00:00:00,2000-06-06 00:00:00,primary,certified,False,President,,Al Gore,,,,,Democrat,,Missoula,ocd-division/country:us/state:mt/county:missoula,8750,,,,,2000
2016-01-30 15:57:28.232000,mt-2000-06-06-primary,2000-06-06 00:00:00,2000-06-06 00:00:00,primary,certified,False,President,,Al Gore,,,,,Democrat,,Mineral,ocd-division/country:us/state:mt/county:mineral,234,,,,,2000
2016-01-30 15:57:28.232000,mt-2000-06-06-primary,2000-06-06 00:00:00,2000-06-06 00:00:00,primary,certified,False,President,,Al Gore,,,,,Democrat,,Meagher,ocd-division/country:us/state:mt/county:meagher,85,,,,,2000
2016-01-30 15:57:28.232000,mt-2000-06-06-primary,2000-06-06 00:00:00,2000-06-06 00:00:00,primary,certified,False,President,,Al Gore,,,,,Democrat,,McCone,ocd-division/country:us/state:mt/county:mccone,153,,,,,2000
2016-01-30 15:57:28.232000,mt-2000-06-06-primary,2000-06-06 00:00:00,2000-06-06 00:00:00,primary,certified,False,President,,Al Gore,,,,,Democrat,,Madison,ocd-division/country:us/state:mt/county:madison,361,,,,,2000
2016-01-30 15:57:28.232000,mt-2000-06-06-primary,2000-06-06 00:00:00,2000-06-06 00:00:00,primary,certified,False,President,,Al Gore,,,,,Democrat,,Lincoln,ocd-division/country:us/state:mt/county:lincoln,752,,,,,2000
2016-01-30 15:57:28.232000,mt-2000-06-06-primary,2000-06-06 00:00:00,2000-06-06 00:00:00,primary,certified,False,President,,Al Gore,,,,,Democrat,,Liberty,ocd-division/country:us/state:mt/county:liberty,133,,,,,2000
2016-01-30 15:57:28.232000,mt-2000-06-06-primary,2000-06-06 00:00:00,2000-06-06 00:00:00,primary,certified,False,President,,Al Gore,,,,,Democrat,,Lewis & Clark,ocd-division/country:us/state:mt/county:lewis_and_clark,7082,,,,,2000
2016-01-30 15:57:28.232000,mt-2000-06-06-primary,2000-06-06 00:00:00,2000-06-06 00:00:00,primary,certified,False,President,,Al Gore,,,,,Democrat,,Lake,ocd-division/country:us/state:mt/county:lake,1456,,,,,2000
2016-01-30 15:57:28.232000,mt-2000-06-06-primary,2000-06-06 00:00:00,2000-06-06 00:00:00,primary,certified,False,President,,Al Gore,,,,,Democrat,,Judith Basin,ocd-division/country:us/state:mt/county:judith_basin,173,,,,,2000
2016-01-30 15:57:28.232000,mt-2000-06-06-primary,2000-06-06 00:00:00,2000-06-06 00:00:00,primary,certified,False,President,,Al Gore,,,,,Democrat,,Jefferson,ocd-division/country:us/state:mt/county:jefferson,905,,,,,2000
2016-01-30 15:57:28.232000,mt-2000-06-06-primary,2000-06-06 00:00:00,2000-06-06 00:00:00,primary,certified,False,President,,Al Gore,,,,,Democrat,,Hill,ocd-division/country:us/state:mt/county:hill,1646,,,,,2000
2016-01-30 15:57:28.232000,mt-2000-06-06-primary,2000-06-06 00:00:00,2000-06-06 00:00:00,primary,certified,False,President,,Al Gore,,,,,Democrat,,Granite,ocd-division/country:us/state:mt/county:granite,133,,,,,2000
2016-01-30 15:57:28.232000,mt-2000-06-06-primary,2000-06-06 00:00:00,2000-06-06 00:00:00,primary,certified,False,President,,Al Gore,,,,,Democrat,,Golden Valley,ocd-division/country:us/state:mt/county:golden_valley,46,,,,,2000
2016-01-30 15:57:28.232000,mt-2000-06-06-primary,2000-06-06 00:00:00,2000-06-06 00:00:00,primary,certified,False,President,,Al Gore,,,,,Democrat,,Glacier,ocd-division/country:us/state:mt/county:glacier,1153,,,,,2000
2016-01-30 15:57:28.232000,mt-2000-06-06-primary,2000-06-06 00:00:00,2000-06-06 00:00:00,primary,certified,False,President,,Al Gore,,,,,Democrat,,Garfield,ocd-division/country:us/state:mt/county:garfield,26,,,,,2000
2016-01-30 15:57:28.232000,mt-2000-06-06-primary,2000-06-06 00:00:00,2000-06-06 00:00:00,primary,certified,False,President,,Al Gore,,,,,Democrat,,Gallatin,ocd-division/country:us/state:mt/county:gallatin,2984,,,,,2000
2016-01-30 15:57:28.232000,mt-2000-06-06-primary,2000-06-06 00:00:00,2000-06-06 00:00:00,primary,certified,False,President,,Al Gore,,,,,Democrat,,Flathead,ocd-division/country:us/state:mt/county:flathead,3507,,,,,2000
2016-01-30 15:57:28.232000,mt-2000-06-06-primary,2000-06-06 00:00:00,2000-06-06 00:00:00,primary,certified,False,President,,Al Gore,,,,,Democrat,,Fergus,ocd-division/country:us/state:mt/county:fergus,784,,,,,2000
2016-01-30 15:57:28.232000,mt-2000-06-06-primary,2000-06-06 00:00:00,2000-06-06 00:00:00,primary,certified,False,President,,Al Gore,,,,,Democrat,,Fallon,ocd-division/country:us/state:mt/county:fallon,139,,,,,2000
2016-01-30 15:57:28.232000,mt-2000-06-06-primary,2000-06-06 00:00:00,2000-06-06 00:00:00,primary,certified,False,President,,Al Gore,,,,,Democrat,,Deer Lodge,ocd-division/country:us/state:mt/county:deer_lodge,2160,,,,,2000
2016-01-30 15:57:28.232000,mt-2000-06-06-primary,2000-06-06 00:00:00,2000-06-06 00:00:00,primary,certified,False,President,,Al Gore,,,,,Democrat,,Dawson,ocd-division/country:us/state:mt/county:dawson,627,,,,,2000
2016-01-30 15:57:28.232000,mt-2000-06-06-primary,2000-06-06 00:00:00,2000-06-06 00:00:00,primary,certified,False,President,,Al Gore,,,,,Democrat,,Daniels,ocd-division/country:us/state:mt/county:daniels,120,,,,,2000
2016-01-30 15:57:28.232000,mt-2000-06-06-primary,2000-06-06 00:00:00,2000-06-06 00:00:00,primary,certified,False,President,,Al Gore,,,,,Democrat,,Custer,ocd-division/country:us/state:mt/county:custer,824,,,,,2000
2016-01-30 15:57:28.232000,mt-2000-06-06-primary,2000-06-06 00:00:00,2000-06-06 00:00:00,primary,certified,False,President,,Al Gore,,,,,Democrat,,Chouteau,ocd-division/country:us/state:mt/county:chouteau,327,,,,,2000
2016-01-30 15:57:28.232000,mt-2000-06-06-primary,2000-06-06 00:00:00,2000-06-06 00:00:00,primary,certified,False,President,,Al Gore,,,,,Democrat,,Cascade,ocd-division/country:us/state:mt/county:cascade,6770,,,,,2000
2016-01-30 15:57:28.232000,mt-2000-06-06-primary,2000-06-06 00:00:00,2000-06-06 00:00:00,primary,certified,False,President,,Al Gore,,,,,Democrat,,Carter,ocd-division/country:us/state:mt/county:carter,37,,,,,2000
2016-01-30 15:57:28.232000,mt-2000-06-06-primary,2000-06-06 00:00:00,2000-06-06 00:00:00,primary,certified,False,President,,Al Gore,,,,,Democrat,,Carbon,ocd-division/country:us/state:mt/county:carbon,685,,,,,2000
2016-01-30 15:57:28.232000,mt-2000-06-06-primary,2000-06-06 00:00:00,2000-06-06 00:00:00,primary,certified,False,President,,Al Gore,,,,,Democrat,,Broadwater,ocd-division/country:us/state:mt/county:broadwater,262,,,,,2000
2016-01-30 15:57:28.232000,mt-2000-06-06-primary,2000-06-06 00:00:00,2000-06-06 00:00:00,primary,certified,False,President,,Al Gore,,,,,Democrat,,Blaine,ocd-division/country:us/state:mt/county:blaine,476,,,,,2000
2016-01-30 15:57:28.232000,mt-2000-06-06-primary,2000-06-06 00:00:00,2000-06-06 00:00:00,primary,certified,False,President,,Al Gore,,,,,Democrat,,Big Horn,ocd-division/country:us/state:mt/county:big_horn,753,,,,,2000
2016-01-30 15:57:28.232000,mt-2000-06-06-primary,2000-06-06 00:00:00,2000-06-06 00:00:00,primary,certified,False,President,,Al Gore,,,,,Democrat,,Beaverhead,ocd-division/country:us/state:mt/county:beaverhead,329,,,,,2000
